..........................................................................................
Seed: 123
..........................................................................................
Dataset            Algorithm      Partition        %_class          %_red        Fitness
..........................................................................................
ecoli                    1NN              1          77.14           0.00          57.86      Weights: 1.00,1.00,1.00,1.00,1.00,1.00,1.00
ecoli                    1NN              2          90.00           0.00          67.50      Weights: 1.00,1.00,1.00,1.00,1.00,1.00,1.00
ecoli                    1NN              3          86.76           0.00          65.07      Weights: 1.00,1.00,1.00,1.00,1.00,1.00,1.00
ecoli                    1NN              4          85.29           0.00          63.97      Weights: 1.00,1.00,1.00,1.00,1.00,1.00,1.00
ecoli                    1NN              5          88.33           0.00          66.25      Weights: 1.00,1.00,1.00,1.00,1.00,1.00,1.00
Mean:                                                85.51           0.00          64.13
..........................................................................................
ecoli                 Greedy              1          81.43          28.57          68.21      Weights: 0.71,0.59,0.00,0.00,1.00,0.51,0.38
ecoli                 Greedy              2          85.71          28.57          71.43      Weights: 0.78,0.59,0.00,0.00,1.00,1.00,0.65
ecoli                 Greedy              3          89.71          28.57          74.42      Weights: 0.81,0.61,0.00,0.00,1.00,0.73,0.52
ecoli                 Greedy              4          91.18          28.57          75.53      Weights: 0.83,0.64,0.00,0.00,1.00,0.74,0.51
ecoli                 Greedy              5          83.33          28.57          69.64      Weights: 0.81,0.66,0.00,0.00,1.00,0.76,0.50
Mean:                                                86.27          28.57          71.85
..........................................................................................
parkinsons               1NN              1          95.00           0.00          71.25      Weights: 1.00,1.00,1.00,1.00,1.00,1.00,1.00,1.00,1.00,1.00,1.00,1.00,1.00,1.00,1.00,1.00,1.00,1.00,1.00,1.00,1.00,1.00
parkinsons               1NN              2          75.00           0.00          56.25      Weights: 1.00,1.00,1.00,1.00,1.00,1.00,1.00,1.00,1.00,1.00,1.00,1.00,1.00,1.00,1.00,1.00,1.00,1.00,1.00,1.00,1.00,1.00
parkinsons               1NN              3          82.50           0.00          61.88      Weights: 1.00,1.00,1.00,1.00,1.00,1.00,1.00,1.00,1.00,1.00,1.00,1.00,1.00,1.00,1.00,1.00,1.00,1.00,1.00,1.00,1.00,1.00
parkinsons               1NN              4          87.50           0.00          65.62      Weights: 1.00,1.00,1.00,1.00,1.00,1.00,1.00,1.00,1.00,1.00,1.00,1.00,1.00,1.00,1.00,1.00,1.00,1.00,1.00,1.00,1.00,1.00
parkinsons               1NN              5          80.00           0.00          60.00      Weights: 1.00,1.00,1.00,1.00,1.00,1.00,1.00,1.00,1.00,1.00,1.00,1.00,1.00,1.00,1.00,1.00,1.00,1.00,1.00,1.00,1.00,1.00
Mean:                                                84.00           0.00          63.00
..........................................................................................
parkinsons            Greedy              1          97.50           0.00          73.12      Weights: 0.77,0.35,0.71,0.48,0.45,0.44,0.49,0.44,0.54,0.49,0.59,0.45,0.36,0.59,0.28,0.61,0.62,0.87,1.00,0.81,0.48,0.92
parkinsons            Greedy              2          82.50           0.00          61.88      Weights: 0.36,0.29,0.36,0.32,0.32,0.32,0.34,0.33,0.44,0.62,0.48,0.40,0.29,0.53,0.26,0.36,0.67,0.67,0.50,0.86,0.43,1.00
parkinsons            Greedy              3          85.00           0.00          63.75      Weights: 0.26,0.15,0.26,0.26,0.27,0.27,0.29,0.28,0.42,0.75,0.42,0.37,0.28,0.52,0.28,0.26,0.64,0.72,0.37,0.90,0.37,1.00
parkinsons            Greedy              4          90.00           0.00          67.50      Weights: 0.20,0.12,0.21,0.22,0.22,0.23,0.24,0.25,0.39,0.81,0.37,0.33,0.26,0.51,0.27,0.23,0.52,0.69,0.29,0.81,0.30,1.00
parkinsons            Greedy              5          88.57           4.55          67.56      Weights: 0.18,0.08,0.17,0.18,0.16,0.17,0.19,0.20,0.32,0.68,0.30,0.27,0.22,0.43,0.27,0.16,0.53,0.68,0.25,0.84,0.13,1.00
Mean:                                                88.71           0.91          66.76
..........................................................................................
breast-cancer            1NN              1          91.30           0.00          68.48      Weights: 1.00,1.00,1.00,1.00,1.00,1.00,1.00,1.00,1.00,1.00,1.00,1.00,1.00,1.00,1.00,1.00,1.00,1.00,1.00,1.00,1.00,1.00,1.00,1.00,1.00,1.00,1.00,1.00,1.00,1.00
breast-cancer            1NN              2          98.26           0.00          73.70      Weights: 1.00,1.00,1.00,1.00,1.00,1.00,1.00,1.00,1.00,1.00,1.00,1.00,1.00,1.00,1.00,1.00,1.00,1.00,1.00,1.00,1.00,1.00,1.00,1.00,1.00,1.00,1.00,1.00,1.00,1.00
breast-cancer            1NN              3          93.04           0.00          69.78      Weights: 1.00,1.00,1.00,1.00,1.00,1.00,1.00,1.00,1.00,1.00,1.00,1.00,1.00,1.00,1.00,1.00,1.00,1.00,1.00,1.00,1.00,1.00,1.00,1.00,1.00,1.00,1.00,1.00,1.00,1.00
breast-cancer            1NN              4          93.91           0.00          70.43      Weights: 1.00,1.00,1.00,1.00,1.00,1.00,1.00,1.00,1.00,1.00,1.00,1.00,1.00,1.00,1.00,1.00,1.00,1.00,1.00,1.00,1.00,1.00,1.00,1.00,1.00,1.00,1.00,1.00,1.00,1.00
breast-cancer            1NN              5          93.58           0.00          70.18      Weights: 1.00,1.00,1.00,1.00,1.00,1.00,1.00,1.00,1.00,1.00,1.00,1.00,1.00,1.00,1.00,1.00,1.00,1.00,1.00,1.00,1.00,1.00,1.00,1.00,1.00,1.00,1.00,1.00,1.00,1.00
Mean:                                                94.02           0.00          70.51
..........................................................................................
breast-cancer         Greedy              1          92.17           3.33          69.96      Weights: 0.75,0.57,0.76,0.70,0.34,0.26,0.55,0.83,0.33,0.27,0.46,0.35,0.35,0.37,0.15,0.28,0.10,0.23,0.31,0.17,0.99,0.86,0.92,0.79,0.46,0.30,0.34,1.00,0.27,0.13
breast-cancer         Greedy              2          97.39           6.67          74.71      Weights: 0.42,0.36,0.40,0.43,0.25,0.34,0.74,0.83,0.31,0.51,0.44,0.35,0.27,0.28,0.05,0.25,0.13,0.12,0.21,0.10,0.60,0.46,0.53,0.53,0.27,0.58,0.71,1.00,0.33,0.21
breast-cancer         Greedy              3          90.43          10.00          70.33      Weights: 0.43,0.37,0.43,0.42,0.20,0.34,0.73,0.71,0.28,0.42,0.33,0.41,0.17,0.15,0.05,0.21,0.14,0.09,0.18,0.08,0.63,0.44,0.59,0.54,0.21,0.74,0.87,1.00,0.36,0.19
breast-cancer         Greedy              4          96.52           6.67          74.06      Weights: 0.31,0.22,0.30,0.33,0.23,0.38,0.72,0.77,0.30,0.40,0.36,0.28,0.18,0.20,0.06,0.23,0.20,0.10,0.19,0.08,0.44,0.27,0.39,0.39,0.24,0.60,0.53,1.00,0.43,0.19
breast-cancer         Greedy              5          92.66           6.67          71.16      Weights: 0.23,0.24,0.22,0.23,0.26,0.42,0.79,0.75,0.37,0.35,0.24,0.21,0.16,0.17,0.06,0.25,0.26,0.12,0.20,0.07,0.36,0.27,0.34,0.37,0.32,0.55,0.39,1.00,0.55,0.23
Mean:                                                93.84           6.67          72.04
..........................................................................................
