..........................................................................................................
Seed: 123
..........................................................................................................
Dataset            Algorithm      Partition        %_class          %_red        Fitness          T (s)
..........................................................................................................
ecoli           Local search              1          75.71          57.14          71.07       2.88e+00
ecoli           Local search              2          65.71          42.86          60.00       3.05e+00
ecoli           Local search              3          70.59          71.43          70.80       2.38e+00
ecoli           Local search              4          64.71          71.43          66.39       2.71e+00
ecoli           Local search              5          76.67          57.14          71.79       3.72e+00
Mean:                                                70.68          60.00          68.01       2.95e+00

Weights partition 1: 1.00,0.00,0.00,0.00,0.83,0.78,0.10
Weights partition 2: 0.99,0.00,0.00,0.00,1.00,0.99,0.97
Weights partition 3: 1.00,0.00,0.00,0.00,0.04,0.00,0.80
Weights partition 4: 0.00,0.75,0.00,0.00,0.00,0.97,0.00
Weights partition 5: 0.00,0.14,0.00,0.03,1.00,0.19,0.08
..........................................................................................................
parkinsons      Local search              1          97.50          77.27          92.44       8.93e+00
parkinsons      Local search              2          92.50          77.27          88.69       7.18e+00
parkinsons      Local search              3          97.50          68.18          90.17       6.07e+00
parkinsons      Local search              4          90.00          68.18          84.55       6.24e+00
parkinsons      Local search              5          85.71          77.27          83.60       8.57e+00
Mean:                                                92.64          73.64          87.89       7.40e+00

Weights partition 1: 0.00,0.00,0.94,0.03,0.00,0.09,0.00,0.00,0.00,0.00,1.00,0.00,0.00,0.09,0.06,0.79,0.71,0.08,0.00,0.00,0.00,1.00
Weights partition 2: 1.00,0.00,0.01,0.00,0.07,0.69,0.02,0.00,0.00,0.09,0.00,0.00,0.00,0.00,0.07,1.00,0.65,0.77,0.01,0.00,0.00,0.09
Weights partition 3: 0.98,0.95,1.00,0.00,0.00,0.00,0.00,0.00,0.05,0.00,0.09,0.00,0.00,0.04,0.09,0.59,0.00,0.43,0.00,0.33,0.00,0.32
Weights partition 4: 0.00,0.00,0.42,0.00,0.02,0.08,0.00,0.00,0.07,0.77,0.00,0.00,0.00,0.00,0.00,0.00,0.13,0.18,0.00,0.94,0.53,0.75
Weights partition 5: 1.00,0.06,0.04,0.09,0.00,0.87,0.00,0.00,0.00,0.01,0.00,0.00,0.00,0.10,0.04,0.50,0.00,1.00,0.08,0.82,0.07,0.00
..........................................................................................................
breast-cancer   Local search              1          97.39          90.00          95.54       1.36e+02
breast-cancer   Local search              2          93.04          86.67          91.45       2.00e+02
breast-cancer   Local search              3          91.30          86.67          90.14       9.08e+01
breast-cancer   Local search              4          93.91          86.67          92.10       9.79e+01
breast-cancer   Local search              5          94.50          86.67          92.54       1.15e+02
Mean:                                                94.03          87.33          92.36       1.28e+02

Weights partition 1: 0.00,0.00,0.00,0.00,0.05,0.00,0.00,0.49,0.00,0.04,0.06,0.00,0.00,0.00,0.00,0.06,0.00,0.08,0.03,0.00,0.06,0.32,0.74,0.00,0.09,0.08,0.00,0.00,0.08,0.03
Weights partition 2: 0.00,0.00,0.00,0.00,0.00,0.00,0.00,0.02,0.19,0.07,0.00,0.00,0.00,0.00,0.10,0.00,0.04,0.00,0.00,0.00,0.38,1.00,0.00,0.00,0.09,0.00,0.05,0.99,0.03,0.00
Weights partition 3: 0.00,0.61,0.00,0.00,0.00,0.00,0.00,0.09,0.00,0.00,0.00,0.04,0.01,0.00,0.00,0.00,0.00,0.00,0.07,0.00,1.00,0.00,0.00,0.00,0.07,0.00,0.03,0.20,0.00,0.76
Weights partition 4: 0.00,0.00,0.00,0.00,0.05,0.04,0.00,0.00,0.00,0.00,0.00,0.00,0.00,0.00,1.00,0.00,0.09,0.00,0.04,0.00,0.00,0.99,0.97,0.00,0.41,0.00,0.07,0.08,0.00,0.00
Weights partition 5: 0.00,0.30,0.00,0.00,0.00,0.00,0.00,0.03,0.00,0.00,0.04,0.00,0.00,0.06,0.03,0.07,0.00,0.00,0.09,0.00,1.00,0.08,0.00,0.00,0.27,0.00,0.32,0.00,0.00,0.09
..........................................................................................................
