..........................................................................................................
Seed: 123
..........................................................................................................
Dataset            Algorithm      Partition        %_class          %_red        Fitness          T (s)
..........................................................................................................
ecoli                AGG-BLX              1          77.14          57.14          72.14       9.18e+01
ecoli                AGG-BLX              2          67.14          57.14          64.64       9.31e+01
ecoli                AGG-BLX              3          79.41          57.14          73.84       9.88e+01
ecoli                AGG-BLX              4          79.41          57.14          73.84       9.60e+01
ecoli                AGG-BLX              5          85.00          57.14          78.04       9.92e+01
Mean:                                                77.62          57.14          72.50       9.58e+01

Weights partition 1: 0.21,0.03,0.00,0.00,0.21,0.99,0.00
Weights partition 2: 0.67,0.00,0.00,0.00,0.26,0.59,0.04
Weights partition 3: 0.29,0.09,0.02,0.00,0.47,0.22,0.01
Weights partition 4: 0.78,0.04,0.01,0.01,0.81,0.65,0.01
Weights partition 5: 0.39,0.00,0.02,0.01,0.36,0.61,0.00
..........................................................................................................
ecoli                 AGG-CA              1          75.71          57.14          71.07       9.26e+01
ecoli                 AGG-CA              2          67.14          57.14          64.64       9.21e+01
ecoli                 AGG-CA              3          79.41          57.14          73.84       9.43e+01
ecoli                 AGG-CA              4          79.41          57.14          73.84       9.75e+01
ecoli                 AGG-CA              5          85.00          57.14          78.04       1.02e+02
Mean:                                                77.34          57.14          72.29       9.57e+01

Weights partition 1: 0.75,0.02,0.01,0.01,0.58,0.55,0.01
Weights partition 2: 0.50,0.03,0.02,0.00,0.19,0.42,0.01
Weights partition 3: 0.73,0.02,0.02,0.03,0.85,0.53,0.01
Weights partition 4: 0.87,0.02,0.00,0.01,0.82,0.27,0.02
Weights partition 5: 0.54,0.02,0.01,0.00,0.54,0.92,0.04
..........................................................................................................
ecoli                AGE-BLX              1          78.57          57.14          73.21       9.55e+01
ecoli                AGE-BLX              2          68.57          42.86          62.14       9.99e+01
ecoli                AGE-BLX              3          79.41          57.14          73.84       9.68e+01
ecoli                AGE-BLX              4          80.88          57.14          74.95       9.80e+01
ecoli                AGE-BLX              5          85.00          57.14          78.04       1.02e+02
Mean:                                                78.49          54.29          72.44       9.84e+01

Weights partition 1: 0.27,0.01,0.03,0.03,0.25,0.99,0.01
Weights partition 2: 0.59,0.07,0.01,0.08,0.40,0.61,0.39
Weights partition 3: 0.47,0.02,0.00,0.07,0.56,0.36,0.06
Weights partition 4: 0.56,0.00,0.04,0.09,0.77,0.11,0.01
Weights partition 5: 0.39,0.07,0.02,0.03,0.40,0.68,0.03
..........................................................................................................
ecoli                 AGE-CA              1          72.86          57.14          68.93       9.42e+01
ecoli                 AGE-CA              2          54.29          71.43          58.57       8.97e+01
ecoli                 AGE-CA              3          69.12          57.14          66.12       9.77e+01
ecoli                 AGE-CA              4          75.00          57.14          70.54       9.78e+01
ecoli                 AGE-CA              5          85.00          42.86          74.46       1.06e+02
Mean:                                                71.25          57.14          67.72       9.71e+01

Weights partition 1: 0.22,0.09,0.08,0.03,0.74,0.20,0.04
Weights partition 2: 0.15,0.07,0.06,0.02,0.03,0.03,0.68
Weights partition 3: 0.34,0.04,0.08,0.06,0.04,1.00,0.96
Weights partition 4: 0.98,0.00,0.08,0.00,0.65,0.08,0.20
Weights partition 5: 0.22,0.86,0.08,0.05,0.68,0.87,0.06
..........................................................................................................
parkinsons           AGG-BLX              1          95.00          81.82          91.70       5.45e+01
parkinsons           AGG-BLX              2          95.00          81.82          91.70       4.95e+01
parkinsons           AGG-BLX              3          95.00          77.27          90.57       5.11e+01
parkinsons           AGG-BLX              4         100.00          72.73          93.18       5.53e+01
parkinsons           AGG-BLX              5          88.57          68.18          83.47       5.92e+01
Mean:                                                94.71          76.36          90.13       5.39e+01

Weights partition 1: 0.41,0.08,0.00,0.05,0.01,0.01,0.07,0.02,0.03,0.94,0.03,0.01,0.01,0.08,0.04,0.07,0.47,0.95,0.06,0.00,0.00,0.02
Weights partition 2: 0.62,0.02,0.00,0.03,0.03,0.01,0.00,0.00,0.00,0.05,0.03,0.00,0.00,0.07,0.02,0.04,0.77,0.53,0.00,0.02,0.04,0.37
Weights partition 3: 0.36,0.00,0.06,0.00,0.00,0.00,0.05,0.02,0.00,0.00,0.00,0.01,0.06,0.98,0.02,0.90,0.45,0.00,0.95,0.01,0.05,0.02
Weights partition 4: 0.00,0.03,0.98,0.00,0.00,0.86,0.03,0.01,1.00,0.01,0.02,0.00,0.03,0.02,0.01,0.43,0.28,0.02,0.00,0.03,0.00,0.79
Weights partition 5: 0.66,0.01,0.00,0.05,0.99,0.00,0.01,0.01,0.06,0.02,0.02,0.03,0.02,0.02,0.00,0.70,0.35,0.63,0.52,0.64,0.01,0.02
..........................................................................................................
parkinsons            AGG-CA              1          92.50          77.27          88.69       5.34e+01
parkinsons            AGG-CA              2          95.00          81.82          91.70       5.40e+01
parkinsons            AGG-CA              3          95.00          77.27          90.57       5.07e+01
parkinsons            AGG-CA              4          95.00          77.27          90.57       5.34e+01
parkinsons            AGG-CA              5          91.43          81.82          89.03       5.77e+01
Mean:                                                93.79          79.09          90.11       5.39e+01

Weights partition 1: 0.14,0.08,0.01,0.00,0.01,0.88,0.05,0.01,0.00,0.01,0.03,0.03,0.04,0.03,0.00,0.97,0.41,0.02,0.06,0.03,0.05,0.87
Weights partition 2: 0.87,0.07,0.07,0.08,0.01,0.03,0.03,0.03,0.01,0.01,0.05,0.00,0.03,0.00,0.07,0.00,0.28,0.98,0.65,0.01,0.03,0.05
Weights partition 3: 0.64,0.00,0.04,0.05,0.00,0.01,0.96,0.00,0.06,0.05,0.03,0.03,0.03,0.04,0.03,0.00,0.51,0.66,0.83,0.06,0.02,0.03
Weights partition 4: 0.04,0.03,0.80,0.00,0.01,0.04,0.00,0.00,0.00,0.00,0.03,0.03,0.00,0.83,0.01,0.05,0.01,0.00,0.90,0.98,0.39,0.04
Weights partition 5: 0.76,0.00,0.03,0.04,0.02,0.05,0.07,0.05,0.05,0.02,0.03,0.00,0.00,0.06,0.00,0.05,0.01,0.89,0.25,0.50,0.01,0.00
..........................................................................................................
parkinsons           AGE-BLX              1         100.00          77.27          94.32       5.27e+01
parkinsons           AGE-BLX              2          87.50          77.27          84.94       5.43e+01
parkinsons           AGE-BLX              3          92.50          77.27          88.69       5.34e+01
parkinsons           AGE-BLX              4          95.00          77.27          90.57       5.37e+01
parkinsons           AGE-BLX              5          94.29          72.73          88.90       5.51e+01
Mean:                                                93.86          76.36          89.48       5.39e+01

Weights partition 1: 0.33,0.01,0.02,0.00,0.00,0.04,0.04,0.00,0.00,0.00,0.55,0.01,0.07,0.02,0.06,0.05,0.85,0.68,0.03,0.00,0.00,0.50
Weights partition 2: 0.92,0.26,0.02,0.01,0.01,0.00,0.01,0.04,0.07,0.00,0.08,0.07,0.04,0.05,0.00,0.03,0.58,0.22,0.06,0.03,0.02,0.57
Weights partition 3: 0.06,0.00,0.54,0.08,0.00,0.03,0.08,0.08,0.70,0.06,0.01,0.00,0.06,0.91,0.02,0.00,0.62,0.00,0.03,0.04,0.00,0.63
Weights partition 4: 0.60,0.00,0.05,0.07,0.00,0.43,0.01,0.00,0.04,0.07,0.06,0.09,0.04,0.08,0.01,0.01,0.15,0.15,0.03,0.03,0.00,0.71
Weights partition 5: 0.67,0.01,0.02,0.08,0.02,0.02,0.02,0.04,0.00,0.00,0.01,0.01,0.02,0.09,0.07,0.40,0.47,0.66,0.05,0.03,0.71,0.92
..........................................................................................................
parkinsons            AGE-CA              1          92.50          72.73          87.56       5.48e+01
parkinsons            AGE-CA              2          95.00          81.82          91.70       5.36e+01
parkinsons            AGE-CA              3          97.50          72.73          91.31       5.44e+01
parkinsons            AGE-CA              4          92.50          81.82          89.83       5.63e+01
parkinsons            AGE-CA              5          97.14          81.82          93.31       5.53e+01
Mean:                                                94.93          78.18          90.74       5.49e+01

Weights partition 1: 0.51,0.06,0.35,0.06,0.02,0.05,0.05,0.05,0.07,0.07,0.78,0.08,0.10,0.08,0.03,0.71,0.20,0.05,0.04,0.03,0.03,0.91
Weights partition 2: 0.84,0.08,0.06,0.05,0.09,0.07,0.07,0.05,0.05,0.05,0.08,0.09,0.03,0.05,0.09,0.09,0.98,0.46,0.04,0.06,0.01,0.70
Weights partition 3: 0.08,0.00,0.48,0.03,0.05,0.06,0.04,0.06,0.06,0.08,0.95,0.01,0.10,0.07,0.09,0.34,0.65,0.05,0.04,0.11,0.05,0.67
Weights partition 4: 0.98,0.02,0.04,0.07,0.09,0.01,0.04,0.09,0.04,0.03,0.01,0.06,0.08,0.05,0.06,0.04,0.99,0.98,0.07,0.08,0.07,0.98
Weights partition 5: 0.81,0.02,0.08,0.07,0.05,0.05,0.02,0.05,0.05,0.05,0.03,0.07,0.10,0.09,0.02,0.08,0.94,0.65,0.88,0.03,0.06,0.04
..........................................................................................................
