..........................................................................................................
Seed: 123
..........................................................................................................
Dataset            Algorithm      Partition        %_class          %_red        Fitness          T (s)
..........................................................................................................
ecoli                     ES              1          71.43          57.14          67.86       1.23e+01
ecoli                     ES              2          54.29          71.43          58.57       1.25e+01
ecoli                     ES              3          79.41          57.14          73.84       1.29e+01
ecoli                     ES              4          79.41          57.14          73.84       1.23e+01
ecoli                     ES              5          85.00          57.14          78.04       1.29e+01
Mean:                                                73.91          60.00          70.43       1.26e+01

Weights partition 1: 0.62,0.00,0.02,0.08,0.32,0.00,0.12
Weights partition 2: 0.26,0.00,0.00,0.02,0.07,0.00,1.00
Weights partition 3: 0.84,0.00,0.04,0.00,0.91,0.55,0.00
Weights partition 4: 1.00,0.00,0.00,0.00,0.96,0.32,0.00
Weights partition 5: 0.51,0.00,0.00,0.10,0.51,0.76,0.00
..........................................................................................................
ecoli                    BMB              1          78.57          57.14          73.21       4.75e+00
ecoli                    BMB              2          67.14          57.14          64.64       4.02e+00
ecoli                    BMB              3          79.41          57.14          73.84       5.46e+00
ecoli                    BMB              4          80.88          57.14          74.95       4.29e+00
ecoli                    BMB              5          85.00          57.14          78.04       4.36e+00
Mean:                                                78.20          57.14          72.94       4.58e+00

Weights partition 1: 0.16,0.00,0.00,0.00,0.15,0.91,0.00
Weights partition 2: 1.00,0.00,0.00,0.00,0.37,0.80,0.00
Weights partition 3: 0.85,0.00,0.00,0.00,1.00,0.62,0.00
Weights partition 4: 1.00,0.00,0.07,0.00,0.75,0.20,0.00
Weights partition 5: 0.48,0.00,0.00,0.00,0.50,0.78,0.00
..........................................................................................................
ecoli                 ILS-LS              1          75.71          57.14          71.07       2.74e+00
ecoli                 ILS-LS              2          67.14          57.14          64.64       3.47e+00
ecoli                 ILS-LS              3          79.41          57.14          73.84       3.61e+00
ecoli                 ILS-LS              4          80.88          57.14          74.95       2.87e+00
ecoli                 ILS-LS              5          85.00          57.14          78.04       3.86e+00
Mean:                                                77.63          57.14          72.51       3.31e+00

Weights partition 1: 1.00,0.00,0.00,0.00,0.86,0.81,0.00
Weights partition 2: 1.00,0.04,0.08,0.00,0.41,0.92,0.09
Weights partition 3: 0.51,0.00,0.00,0.00,0.54,0.33,0.00
Weights partition 4: 0.98,0.00,0.00,0.02,0.81,0.21,0.10
Weights partition 5: 0.46,0.00,0.00,0.00,0.46,0.79,0.00
..........................................................................................................
ecoli                 ILS-ES              1          78.57          57.14          73.21       1.23e+01
ecoli                 ILS-ES              2          67.14          57.14          64.64       1.30e+01
ecoli                 ILS-ES              3          79.41          57.14          73.84       1.33e+01
ecoli                 ILS-ES              4          80.88          57.14          74.95       1.26e+01
ecoli                 ILS-ES              5          85.00          57.14          78.04       1.34e+01
Mean:                                                78.20          57.14          72.94       1.29e+01

Weights partition 1: 0.14,0.00,0.00,0.08,0.11,1.00,0.00
Weights partition 2: 0.86,0.00,0.00,0.00,0.35,0.80,0.00
Weights partition 3: 0.67,0.00,0.04,0.00,0.75,0.42,0.04
Weights partition 4: 0.54,0.00,0.00,0.00,0.79,0.11,0.08
Weights partition 5: 0.67,0.00,0.00,0.00,0.71,1.00,0.00
..........................................................................................................
parkinsons                ES              1          97.50          72.73          91.31       1.13e+01
parkinsons                ES              2          95.00          81.82          91.70       1.03e+01
parkinsons                ES              3         100.00          77.27          94.32       1.01e+01
parkinsons                ES              4          90.00          77.27          86.82       1.02e+01
parkinsons                ES              5          82.86          77.27          81.46       1.18e+01
Mean:                                                93.07          77.27          89.12       1.07e+01

Weights partition 1: 1.00,0.00,0.09,0.00,0.00,0.00,0.00,0.01,0.00,0.00,0.00,0.00,0.00,0.00,0.00,1.00,0.67,1.00,0.00,0.00,0.55,1.00
Weights partition 2: 1.00,0.00,0.09,0.00,0.00,0.00,0.00,0.05,0.08,0.00,0.00,0.00,0.00,0.00,0.00,0.03,0.24,1.00,0.46,0.00,0.00,0.00
Weights partition 3: 0.06,0.00,1.00,0.00,0.00,0.00,0.00,0.08,1.00,0.00,0.00,0.00,0.06,0.00,0.00,0.61,0.15,0.00,0.00,0.00,0.00,0.57
Weights partition 4: 0.00,0.00,0.69,0.00,0.00,0.00,0.00,0.00,0.00,0.97,0.00,0.00,0.00,0.00,0.00,0.00,0.10,0.00,0.00,1.00,0.30,0.43
Weights partition 5: 0.24,0.00,0.05,0.00,0.00,0.08,0.00,0.00,0.02,0.00,0.00,0.00,0.00,0.00,0.00,0.00,0.00,0.65,0.00,1.00,0.86,1.00
..........................................................................................................
parkinsons               BMB              1          97.50          81.82          93.58       9.92e+00
parkinsons               BMB              2          95.00          77.27          90.57       1.00e+01
parkinsons               BMB              3          97.50          77.27          92.44       1.00e+01
parkinsons               BMB              4          95.00          81.82          91.70       1.10e+01
parkinsons               BMB              5          85.71          81.82          84.74       1.10e+01
Mean:                                                94.14          80.00          90.61       1.04e+01

Weights partition 1: 0.66,0.00,0.00,0.00,0.00,0.05,0.00,0.04,0.00,0.00,0.00,0.00,0.00,0.00,0.00,0.03,0.98,0.64,0.75,0.00,0.09,0.05
Weights partition 2: 0.89,0.07,0.07,0.00,0.00,0.00,0.00,0.00,0.00,0.00,0.86,0.09,0.00,0.02,0.00,0.00,0.35,0.90,0.03,0.02,0.00,0.38
Weights partition 3: 0.66,0.00,0.00,0.01,0.00,0.06,0.00,0.00,0.00,0.00,0.05,0.00,0.00,0.00,0.00,0.56,0.47,0.23,0.91,0.00,0.00,0.00
Weights partition 4: 1.00,0.00,0.02,0.00,0.00,0.04,0.09,0.00,0.08,0.00,0.00,0.00,0.00,0.09,0.00,0.05,0.57,0.33,0.97,0.00,0.08,0.00
Weights partition 5: 1.00,0.00,0.00,0.00,0.00,0.00,0.00,0.00,0.00,0.00,0.08,0.00,0.07,0.00,0.00,0.41,0.53,0.07,0.00,0.06,0.00,0.56
..........................................................................................................
parkinsons            ILS-LS              1          90.00          77.27          86.82       7.25e+00
parkinsons            ILS-LS              2          92.50          81.82          89.83       7.42e+00
parkinsons            ILS-LS              3          95.00          77.27          90.57       8.60e+00
parkinsons            ILS-LS              4          90.00          81.82          87.95       7.56e+00
parkinsons            ILS-LS              5          85.71          81.82          84.74       8.23e+00
Mean:                                                90.64          80.00          87.98       7.81e+00

Weights partition 1: 0.00,0.05,0.46,0.00,0.00,0.00,0.01,1.00,0.00,0.07,0.00,0.00,0.00,0.00,0.09,0.00,0.15,0.13,0.82,0.00,0.08,0.00
Weights partition 2: 1.00,0.00,0.00,0.02,0.00,0.01,0.00,0.00,0.04,0.01,0.00,0.00,0.10,0.00,0.00,0.00,0.19,0.89,0.37,0.06,0.10,0.00
Weights partition 3: 0.39,0.00,0.00,0.09,0.00,0.09,0.00,0.00,0.00,0.00,0.00,0.00,0.00,0.43,0.00,0.82,0.30,0.00,0.09,0.00,0.00,0.52
Weights partition 4: 0.00,0.00,1.00,0.10,0.00,0.09,0.00,0.09,0.00,0.00,0.00,0.00,0.00,0.00,0.00,0.00,0.00,0.09,0.63,1.00,0.28,0.09
Weights partition 5: 0.85,0.00,0.00,0.00,0.00,0.00,0.00,0.00,0.00,0.00,0.04,0.01,0.00,0.01,0.00,0.41,0.40,0.00,0.04,0.06,0.00,0.53
..........................................................................................................
parkinsons            ILS-ES              1         100.00          77.27          94.32       1.09e+01
parkinsons            ILS-ES              2          95.00          81.82          91.70       1.09e+01
parkinsons            ILS-ES              3          97.50          77.27          92.44       1.07e+01
parkinsons            ILS-ES              4          92.50          81.82          89.83       1.09e+01
parkinsons            ILS-ES              5          85.71          81.82          84.74       1.20e+01
Mean:                                                94.14          80.00          90.61       1.11e+01

Weights partition 1: 0.24,0.00,0.00,0.00,0.00,0.00,0.00,0.00,0.00,0.00,0.61,0.00,0.00,0.00,0.08,0.00,1.00,0.41,0.00,0.00,0.00,0.78
Weights partition 2: 0.81,0.00,0.00,0.00,0.00,0.01,0.00,0.00,0.02,0.00,0.00,0.00,0.00,0.00,0.02,0.00,1.00,0.86,0.90,0.00,0.00,0.00
Weights partition 3: 0.93,0.00,0.00,0.00,0.04,0.00,0.00,0.00,0.00,0.00,0.00,0.00,0.00,0.00,0.00,0.89,1.00,0.31,0.00,0.00,0.00,1.00
Weights partition 4: 1.00,0.00,0.00,0.00,0.00,0.00,0.00,0.00,0.00,0.00,0.07,0.00,0.05,0.01,0.00,0.00,0.33,0.62,1.00,0.00,0.00,0.00
Weights partition 5: 1.00,0.00,0.00,0.00,0.00,0.00,0.00,0.00,0.00,0.00,0.00,0.00,0.00,0.05,0.00,0.43,0.60,0.06,0.05,0.00,0.00,0.62
..........................................................................................................
breast-cancer             ES              1          94.78          90.00          93.59       1.14e+02
breast-cancer             ES              2          97.39          83.33          93.88       1.08e+02
breast-cancer             ES              3          87.83          86.67          87.54       1.14e+02
breast-cancer             ES              4          91.30          86.67          90.14       1.18e+02
breast-cancer             ES              5          96.33          83.33          93.08       1.28e+02
Mean:                                                93.53          86.00          91.65       1.16e+02

Weights partition 1: 0.00,0.19,0.00,0.00,0.00,0.00,0.00,0.00,0.06,0.00,0.00,0.00,0.00,0.00,0.00,0.00,0.00,0.08,0.00,0.00,0.00,0.00,1.00,0.00,0.30,0.07,0.00,0.03,0.00,0.00
Weights partition 2: 0.00,0.91,0.00,0.45,0.00,0.00,0.32,0.00,0.00,0.00,0.00,0.09,0.03,0.00,0.00,0.00,0.00,0.00,0.00,0.00,0.00,0.00,0.00,0.96,0.62,0.00,0.00,0.00,0.00,0.00
Weights partition 3: 0.00,0.00,0.00,0.00,0.00,0.00,0.00,0.00,0.00,0.00,0.00,0.00,0.00,0.00,0.01,0.00,0.00,0.03,0.00,0.00,0.00,0.50,1.00,0.00,0.00,0.00,0.41,0.00,0.42,0.00
Weights partition 4: 1.00,0.00,0.00,0.00,0.00,0.56,0.00,0.00,0.00,0.00,0.00,0.00,0.00,0.00,0.00,0.00,0.00,0.00,0.00,0.00,0.01,0.22,0.08,0.00,0.72,0.00,0.00,0.00,0.00,0.00
Weights partition 5: 0.00,0.86,0.00,0.00,0.00,0.00,0.00,0.00,0.08,0.00,0.00,0.04,0.00,0.00,0.00,0.00,0.00,0.00,0.00,0.00,1.00,0.09,0.00,0.05,0.47,0.00,0.69,0.81,0.00,0.00
..........................................................................................................
breast-cancer            BMB              1          97.39          86.67          94.71       1.13e+02
breast-cancer            BMB              2          93.91          90.00          92.93       1.09e+02
breast-cancer            BMB              3          94.78          90.00          93.59       1.09e+02
breast-cancer            BMB              4          98.26          90.00          96.20       1.23e+02
breast-cancer            BMB              5          93.58          90.00          92.68       1.31e+02
Mean:                                                95.59          89.33          94.02       1.17e+02

Weights partition 1: 0.06,0.00,0.06,0.00,0.00,0.00,0.08,0.61,0.00,0.00,0.00,0.00,0.00,0.00,0.00,0.03,0.00,0.00,0.08,0.00,0.00,0.68,0.05,1.00,0.00,0.10,0.00,0.00,0.00,1.00
Weights partition 2: 0.00,0.00,0.06,0.00,0.09,0.09,0.00,0.00,0.00,0.00,0.00,0.00,0.00,0.00,0.02,0.00,0.07,0.00,0.07,0.00,0.24,0.87,0.00,0.00,0.04,0.04,0.00,0.74,0.04,0.08
Weights partition 3: 0.00,0.00,0.00,0.10,0.00,0.07,0.00,0.00,0.00,0.00,0.00,0.00,0.00,0.00,0.09,0.00,0.08,0.00,0.00,0.00,0.08,1.00,0.05,0.94,0.00,0.00,0.06,0.75,0.03,0.06
Weights partition 4: 0.00,0.00,0.01,0.00,0.00,0.00,0.10,0.00,0.00,0.00,0.00,0.00,0.00,0.00,0.00,0.00,0.00,0.00,0.00,0.00,0.03,0.40,0.00,1.00,0.04,0.00,0.01,0.38,0.05,0.00
Weights partition 5: 0.00,0.00,0.00,0.00,0.00,0.00,0.00,0.00,0.00,0.00,0.00,0.00,0.07,0.01,0.00,0.00,0.02,0.04,0.00,0.00,0.05,1.00,1.00,0.09,0.00,0.00,0.00,0.98,0.05,0.00
..........................................................................................................
breast-cancer         ILS-LS              1          94.78          90.00          93.59       1.09e+02
breast-cancer         ILS-LS              2          96.52          90.00          94.89       1.07e+02
breast-cancer         ILS-LS              3          87.83          90.00          88.37       1.09e+02
breast-cancer         ILS-LS              4          91.30          90.00          90.98       1.07e+02
breast-cancer         ILS-LS              5          93.58          90.00          92.68       1.11e+02
Mean:                                                92.80          90.00          92.10       1.09e+02

Weights partition 1: 0.03,0.00,0.00,0.01,0.00,0.00,0.00,0.00,0.00,0.00,0.00,0.00,0.01,0.00,0.00,0.10,0.00,0.00,0.00,0.00,0.00,0.76,0.75,0.10,0.90,0.02,0.00,0.00,0.00,0.00
Weights partition 2: 0.00,0.00,0.00,0.00,0.00,0.00,0.02,0.00,0.00,0.07,0.00,0.08,0.00,0.05,0.07,0.00,0.00,0.01,0.06,0.08,0.00,1.00,0.00,0.15,0.00,0.03,0.00,0.57,0.00,0.09
Weights partition 3: 0.02,0.36,0.00,0.08,0.07,0.00,0.10,0.00,0.00,0.00,0.00,0.06,0.00,0.00,0.06,0.00,0.00,0.00,0.00,0.05,1.00,0.00,0.00,0.00,0.08,0.00,0.00,0.06,0.00,1.00
Weights partition 4: 0.00,0.00,0.00,0.00,0.00,0.00,0.10,0.01,0.07,0.00,0.01,0.00,0.09,0.00,0.01,0.08,0.00,0.06,0.00,0.00,0.00,0.11,0.70,0.03,1.00,0.03,0.00,0.00,0.00,0.00
Weights partition 5: 0.00,0.00,0.05,0.00,0.00,0.00,0.00,0.00,0.09,0.00,0.00,0.09,0.00,0.00,0.00,0.05,0.09,0.05,0.02,0.10,0.10,0.84,1.00,0.03,0.04,0.00,0.00,0.78,0.07,0.09
..........................................................................................................
breast-cancer         ILS-ES              1          96.52          90.00          94.89       1.19e+02
breast-cancer         ILS-ES              2          95.65          90.00          94.24       1.20e+02
breast-cancer         ILS-ES              3          88.70          90.00          89.02       1.42e+02
breast-cancer         ILS-ES              4          88.70          93.33          89.86       1.30e+02
breast-cancer         ILS-ES              5          95.41          90.00          94.06       1.26e+02
Mean:                                                93.00          90.67          92.41       1.27e+02

Weights partition 1: 0.00,0.00,0.00,0.00,0.00,0.00,0.00,0.00,0.00,0.09,0.00,0.00,0.00,0.00,0.00,0.00,0.07,0.00,0.00,0.00,0.85,1.00,0.06,0.00,0.00,0.00,0.00,0.47,0.00,0.00
Weights partition 2: 0.00,0.00,0.00,0.00,0.00,0.00,0.09,0.00,0.00,0.00,0.00,0.00,0.00,0.00,0.00,0.00,0.00,0.00,0.07,0.00,0.00,0.29,0.48,0.00,1.00,0.00,0.00,0.00,0.07,0.00
Weights partition 3: 0.00,0.32,0.00,0.00,0.04,0.00,0.00,0.00,0.00,0.00,0.00,0.06,0.00,0.00,0.00,0.00,0.07,0.00,0.00,0.00,0.00,0.00,0.00,1.00,0.08,0.00,0.00,0.00,0.05,0.42
Weights partition 4: 0.00,0.00,0.00,0.01,0.07,0.00,0.00,0.00,0.00,0.00,0.00,0.00,0.00,0.00,0.00,0.00,0.00,0.00,0.10,0.00,0.36,0.00,0.01,0.10,1.00,0.00,0.00,0.00,0.00,0.00
Weights partition 5: 0.06,0.00,0.00,0.00,0.00,0.00,0.00,0.01,0.00,0.00,0.00,0.00,0.00,0.00,0.00,0.00,0.00,0.00,0.00,0.00,0.38,0.37,0.00,0.07,0.00,0.00,0.01,1.00,0.00,0.02
..........................................................................................................
