..........................................................................................................
Seed: 123
..........................................................................................................
Dataset            Algorithm      Partition        %_class          %_red        Fitness          T (s)
..........................................................................................................
ecoli                     ES              1          71.43          57.14          67.86       7.38e+00
ecoli                     ES              2          67.14          57.14          64.64       7.47e+00
ecoli                     ES              3          79.41          57.14          73.84       7.60e+00
ecoli                     ES              4          72.06          71.43          71.90       7.80e+00
ecoli                     ES              5          71.67          71.43          71.61       7.91e+00
Mean:                                                72.34          62.86          69.97       7.63e+00

Weights partition 1: 0.62,0.00,0.02,0.08,0.32,0.00,0.12
Weights partition 2: 0.85,0.00,0.00,0.10,0.35,0.83,0.00
Weights partition 3: 0.70,0.00,0.00,0.00,0.79,0.43,0.00
Weights partition 4: 0.05,1.00,0.07,0.00,0.00,0.12,0.00
Weights partition 5: 0.61,0.00,0.01,0.00,0.00,0.38,0.00
..........................................................................................................
parkinsons                ES              1          90.00          72.73          85.68       5.46e+00
parkinsons                ES              2          95.00          77.27          90.57       5.67e+00
parkinsons                ES              3         100.00          77.27          94.32       5.48e+00
parkinsons                ES              4          92.50          81.82          89.83       5.25e+00
parkinsons                ES              5          91.43          77.27          87.89       5.84e+00
Mean:                                                93.79          77.27          89.66       5.54e+00

Weights partition 1: 0.00,0.00,1.00,0.10,0.00,0.00,0.00,0.00,0.00,0.00,0.71,0.06,0.00,0.00,1.00,0.00,0.00,0.00,0.00,0.55,1.00,1.00
Weights partition 2: 0.38,0.00,0.00,0.00,0.00,0.00,0.00,0.09,0.00,0.00,0.00,0.08,0.00,0.00,0.00,0.57,0.31,1.00,0.92,0.03,0.00,0.07
Weights partition 3: 0.14,0.00,0.00,0.00,0.00,0.00,0.00,0.00,0.00,0.00,0.67,0.00,0.00,0.00,0.00,0.01,0.82,1.00,0.00,0.00,0.10,0.57
Weights partition 4: 0.46,0.04,0.00,0.00,0.00,0.00,0.00,0.05,0.01,0.00,0.00,0.02,0.00,0.00,0.00,0.07,0.26,0.17,0.00,0.00,0.05,0.66
Weights partition 5: 0.00,0.09,0.24,0.00,0.00,0.03,0.00,1.00,0.00,0.00,0.00,0.00,0.00,0.00,0.00,0.00,0.00,0.42,1.00,0.14,0.00,0.00
..........................................................................................................
breast-cancer             ES              1          94.78          90.00          93.59       5.53e+01
breast-cancer             ES              2          94.78          90.00          93.59       5.53e+01
breast-cancer             ES              3          86.09          86.67          86.23       5.61e+01
breast-cancer             ES              4          93.04          90.00          92.28       6.02e+01
breast-cancer             ES              5          96.33          86.67          93.91       5.98e+01
Mean:                                                93.01          88.67          91.92       5.74e+01

Weights partition 1: 0.01,0.14,0.00,0.00,0.00,0.00,0.00,0.00,0.00,0.00,0.02,0.00,0.00,0.00,0.00,0.00,0.00,0.00,0.05,0.00,0.00,0.00,0.76,0.00,0.17,0.00,0.00,0.00,0.01,0.00
Weights partition 2: 0.00,0.00,0.09,0.04,0.04,0.00,0.00,0.00,0.00,0.04,0.00,0.00,0.04,0.00,0.00,0.00,0.00,0.00,0.00,0.00,0.00,0.25,0.45,0.00,1.00,0.00,0.00,0.00,0.00,0.00
Weights partition 3: 0.00,0.53,0.00,0.00,0.00,0.00,0.00,0.00,0.00,0.00,0.00,0.00,0.00,0.00,0.08,0.00,0.51,0.00,0.00,0.00,0.37,0.00,0.00,0.08,0.00,0.00,0.00,0.00,0.00,0.26
Weights partition 4: 0.00,0.13,0.01,0.00,0.00,0.00,0.00,0.00,0.00,0.05,0.00,0.00,0.00,0.00,0.00,0.00,0.06,0.00,0.00,0.00,0.00,0.00,1.00,0.00,0.11,0.00,0.00,0.00,0.00,0.00
Weights partition 5: 0.00,0.11,0.00,0.00,0.00,0.05,0.35,0.00,0.04,0.00,0.00,0.00,0.00,0.00,0.01,0.00,0.00,0.00,0.00,0.00,1.00,0.03,0.00,0.00,0.12,0.00,0.00,0.00,0.09,0.00
..........................................................................................................
ecoli                    BMB              1          77.14          57.14          72.14       3.12e+00
ecoli                    BMB              2          67.14          57.14          64.64       2.88e+00
ecoli                    BMB              3          79.41          57.14          73.84       3.08e+00
ecoli                    BMB              4          80.88          57.14          74.95       2.59e+00
ecoli                    BMB              5          85.00          57.14          78.04       3.10e+00
Mean:                                                77.92          57.14          72.72       2.95e+00

Weights partition 1: 0.12,0.06,0.00,0.00,0.12,0.54,0.00
Weights partition 2: 1.00,0.00,0.02,0.00,0.38,0.89,0.00
Weights partition 3: 0.92,0.00,0.01,0.00,1.00,0.61,0.00
Weights partition 4: 1.00,0.00,0.00,0.00,0.76,0.20,0.00
Weights partition 5: 0.29,0.00,0.00,0.00,0.31,0.45,0.05
..........................................................................................................
parkinsons               BMB              1         100.00          77.27          94.32       5.96e+00
parkinsons               BMB              2          92.50          77.27          88.69       5.84e+00
parkinsons               BMB              3          95.00          77.27          90.57       6.11e+00
parkinsons               BMB              4          92.50          81.82          89.83       6.07e+00
parkinsons               BMB              5          97.14          81.82          93.31       6.56e+00
Mean:                                                95.43          79.09          91.34       6.11e+00

Weights partition 1: 0.21,0.08,0.00,0.00,0.00,0.00,0.02,0.02,1.00,0.05,0.06,0.00,0.00,0.00,0.07,0.00,0.95,0.37,0.01,0.07,0.00,0.41
Weights partition 2: 0.96,0.00,0.00,0.00,0.00,0.00,0.00,0.00,0.00,0.02,0.00,0.00,0.00,0.01,0.00,0.04,0.39,0.95,0.47,0.98,0.00,0.00
Weights partition 3: 0.59,0.00,0.06,0.00,0.00,0.00,0.00,0.00,0.00,0.00,0.05,0.00,0.00,0.00,0.07,0.29,0.80,0.36,0.85,0.09,0.00,0.00
Weights partition 4: 0.75,0.00,0.02,0.02,0.00,0.00,0.01,0.04,0.00,0.08,0.03,0.00,0.00,0.00,0.00,0.00,0.26,0.37,0.69,0.06,0.00,0.04
Weights partition 5: 0.87,0.08,0.00,0.03,0.04,0.00,0.00,0.00,0.07,0.00,0.00,0.00,0.00,0.00,0.00,0.00,0.70,0.62,0.00,0.07,0.00,0.86
..........................................................................................................
breast-cancer            BMB              1          96.52          90.00          94.89       6.67e+01
breast-cancer            BMB              2          98.26          90.00          96.20       6.74e+01
breast-cancer            BMB              3          89.57          86.67          88.84       6.77e+01
breast-cancer            BMB              4          95.65          90.00          94.24       6.72e+01
breast-cancer            BMB              5          96.33          86.67          93.91       6.87e+01
Mean:                                                95.27          88.67          93.62       6.76e+01

Weights partition 1: 0.00,0.00,0.05,0.00,0.10,0.00,0.00,1.00,0.00,0.00,0.00,0.00,0.07,0.06,0.00,0.07,0.04,0.05,0.00,0.00,0.79,0.58,0.07,0.00,0.01,0.00,0.00,0.00,0.00,0.00
Weights partition 2: 0.00,0.10,0.08,0.00,0.06,0.00,0.02,0.04,0.00,0.00,0.06,0.01,0.00,0.03,0.00,0.00,0.02,0.08,0.08,0.03,0.08,1.00,0.90,0.00,0.00,0.00,0.00,0.61,0.00,0.05
Weights partition 3: 0.08,0.00,0.01,0.00,0.10,0.00,0.68,0.09,0.00,0.00,0.09,0.00,0.04,0.00,0.02,0.00,0.00,0.00,0.00,0.00,1.00,1.00,0.00,0.00,0.00,0.00,0.00,0.00,0.00,0.43
Weights partition 4: 0.00,0.00,0.00,0.00,0.07,0.00,0.05,0.00,0.05,0.00,0.00,0.00,0.10,0.04,0.00,0.00,0.07,0.00,0.01,0.00,1.00,0.12,0.10,0.00,0.08,0.00,0.00,0.45,0.00,0.00
Weights partition 5: 0.02,0.00,0.00,0.00,0.06,0.02,0.06,0.88,0.00,0.09,0.04,0.06,0.00,0.00,0.00,0.00,0.00,0.00,0.00,0.00,0.02,0.63,0.09,1.00,0.34,0.00,0.00,0.00,0.00,0.00
..........................................................................................................
ecoli                 ILS-LS              1          78.57          57.14          73.21       1.90e+00
ecoli                 ILS-LS              2          54.29          71.43          58.57       1.75e+00
ecoli                 ILS-LS              3          69.12          57.14          66.12       2.21e+00
ecoli                 ILS-LS              4          79.41          57.14          73.84       1.73e+00
ecoli                 ILS-LS              5          85.00          57.14          78.04       2.31e+00
Mean:                                                73.28          60.00          69.96       1.98e+00

Weights partition 1: 0.17,0.00,0.00,0.00,0.15,1.00,0.00
Weights partition 2: 0.25,0.00,0.00,0.00,0.01,0.06,1.00
Weights partition 3: 0.17,0.00,0.00,0.04,0.05,0.51,0.49
Weights partition 4: 1.00,0.00,0.02,0.00,0.93,0.31,0.00
Weights partition 5: 0.13,0.00,0.00,0.00,0.11,0.22,0.10
..........................................................................................................
parkinsons            ILS-LS              1          95.00          77.27          90.57       3.71e+00
parkinsons            ILS-LS              2          87.50          72.73          83.81       3.92e+00
parkinsons            ILS-LS              3          95.00          77.27          90.57       3.82e+00
parkinsons            ILS-LS              4          97.50          77.27          92.44       3.59e+00
parkinsons            ILS-LS              5          85.71          81.82          84.74       3.80e+00
Mean:                                                92.14          77.27          88.43       3.77e+00

Weights partition 1: 0.00,0.00,0.94,0.03,0.00,0.00,0.00,0.00,0.00,0.00,1.00,0.00,0.00,0.09,0.06,0.79,0.11,0.09,0.00,0.00,0.00,1.00
Weights partition 2: 0.00,1.00,0.00,0.00,0.07,0.01,0.00,0.00,0.00,0.09,0.00,0.00,0.00,0.00,0.00,1.00,1.00,0.59,0.00,0.69,0.00,0.87
Weights partition 3: 0.38,0.08,0.00,0.00,0.00,0.00,0.00,0.01,0.07,0.00,0.00,0.00,0.08,0.71,0.00,1.00,0.39,0.09,0.06,0.00,0.00,0.66
Weights partition 4: 0.00,0.00,1.00,0.00,0.00,0.01,0.05,0.09,0.00,0.00,0.57,0.00,0.00,0.00,0.01,0.58,0.20,0.00,0.00,0.05,0.00,0.40
Weights partition 5: 1.00,0.00,0.00,0.00,0.00,0.00,0.00,0.00,0.00,0.00,0.00,0.06,0.08,0.00,0.00,0.37,0.44,0.00,0.00,0.01,0.00,0.47
..........................................................................................................
breast-cancer         ILS-LS              1          96.52          90.00          94.89       5.18e+01
breast-cancer         ILS-LS              2          93.91          86.67          92.10       5.36e+01
breast-cancer         ILS-LS              3          94.78          90.00          93.59       4.94e+01
breast-cancer         ILS-LS              4          93.04          90.00          92.28       4.89e+01
breast-cancer         ILS-LS              5          88.99          90.00          89.24       5.25e+01
Mean:                                                93.45          89.33          92.42       5.12e+01

Weights partition 1: 0.00,0.00,0.00,0.00,0.05,0.00,0.00,0.04,0.00,0.00,0.06,0.00,0.00,0.00,0.00,0.06,0.00,0.08,0.03,0.00,0.06,0.63,0.74,0.00,0.09,0.00,0.00,0.91,0.07,0.09
Weights partition 2: 0.00,0.06,0.00,0.00,0.00,0.00,0.00,0.81,0.08,0.00,0.05,0.00,0.00,0.09,0.00,0.01,0.08,0.00,0.00,0.00,1.00,0.72,0.00,0.00,0.00,0.44,0.01,0.00,0.10,0.00
Weights partition 3: 0.00,0.00,0.00,0.05,0.00,0.00,0.08,0.00,0.00,0.00,0.00,0.00,0.00,0.00,0.05,0.00,0.00,0.00,0.00,0.00,0.90,1.00,0.00,0.00,0.00,0.03,0.01,0.76,0.05,0.00
Weights partition 4: 0.00,0.00,0.05,0.05,0.00,0.02,0.00,1.00,0.00,0.00,0.07,0.00,0.00,0.01,0.00,0.00,0.00,0.07,0.02,0.00,0.00,0.43,0.00,1.00,0.00,0.00,0.03,0.04,0.00,0.00
Weights partition 5: 0.00,0.00,0.00,0.08,0.05,0.01,0.00,0.00,0.10,0.00,0.00,0.57,0.08,0.00,0.00,0.00,0.06,0.08,0.00,0.00,0.00,0.00,0.87,0.00,0.85,0.00,0.00,0.00,0.00,0.05
..........................................................................................................
ecoli                 ILS-ES              1          78.57          57.14          73.21       7.69e+00
ecoli                 ILS-ES              2          65.71          57.14          63.57       7.83e+00
ecoli                 ILS-ES              3          80.88          57.14          74.95       8.11e+00
ecoli                 ILS-ES              4          80.88          57.14          74.95       8.27e+00
ecoli                 ILS-ES              5          85.00          57.14          78.04       8.59e+00
Mean:                                                78.21          57.14          72.94       8.10e+00

Weights partition 1: 0.10,0.00,0.00,0.00,0.10,0.59,0.00
Weights partition 2: 1.00,0.00,0.00,0.00,0.39,0.82,0.00
Weights partition 3: 0.71,0.00,0.00,0.00,0.74,0.46,0.00
Weights partition 4: 0.56,0.00,0.00,0.00,0.77,0.11,0.00
Weights partition 5: 0.41,0.00,0.00,0.01,0.42,0.63,0.00
..........................................................................................................
parkinsons            ILS-ES              1          97.50          81.82          93.58       5.69e+00
parkinsons            ILS-ES              2          92.50          81.82          89.83       5.73e+00
parkinsons            ILS-ES              3          97.50          81.82          93.58       5.80e+00
parkinsons            ILS-ES              4          92.50          81.82          89.83       5.73e+00
parkinsons            ILS-ES              5          85.71          81.82          84.74       6.15e+00
Mean:                                                93.14          81.82          90.31       5.82e+00

Weights partition 1: 0.54,0.00,0.00,0.00,0.00,0.00,0.00,0.00,0.00,0.00,0.00,0.00,0.00,0.00,0.09,0.05,1.00,0.55,0.56,0.00,0.00,0.02
Weights partition 2: 0.64,0.00,0.00,0.00,0.00,0.00,0.00,0.00,0.00,0.00,0.00,0.00,0.00,0.00,0.00,0.00,0.15,0.68,0.36,0.06,0.00,0.00
Weights partition 3: 0.25,0.00,0.00,0.00,0.00,0.00,0.00,0.08,0.08,0.00,0.00,0.00,0.07,0.00,0.00,0.09,0.42,1.00,0.95,0.00,0.00,0.00
Weights partition 4: 1.00,0.00,0.00,0.00,0.03,0.00,0.00,0.00,0.00,0.02,0.03,0.00,0.04,0.00,0.00,0.00,0.75,0.40,1.00,0.00,0.00,0.00
Weights partition 5: 0.59,0.00,0.07,0.08,0.00,0.00,0.06,0.00,0.00,0.00,0.04,0.00,0.00,0.00,0.00,0.30,0.46,0.00,0.00,0.00,0.00,0.43
..........................................................................................................
breast-cancer         ILS-ES              1          96.52          90.00          94.89       6.14e+01
breast-cancer         ILS-ES              2          96.52          86.67          94.06       6.28e+01
breast-cancer         ILS-ES              3          93.91          90.00          92.93       6.13e+01
breast-cancer         ILS-ES              4          92.17          90.00          91.63       6.11e+01
breast-cancer         ILS-ES              5          93.58          90.00          92.68       6.34e+01
Mean:                                                94.54          89.33          93.24       6.20e+01

Weights partition 1: 0.00,0.00,0.00,0.00,0.00,0.00,0.00,0.00,0.00,0.00,0.00,0.00,0.00,0.00,0.00,0.00,0.07,0.00,0.00,0.00,0.00,0.60,0.85,0.00,0.00,0.00,0.00,1.00,0.00,0.00
Weights partition 2: 0.00,0.00,0.00,0.00,0.00,0.00,0.00,0.00,0.00,0.00,0.00,0.02,0.00,0.00,0.00,0.00,0.00,0.00,0.00,0.00,1.00,1.00,0.00,0.00,0.00,0.00,0.00,0.94,0.08,0.59
Weights partition 3: 0.00,0.00,0.00,0.00,0.00,0.00,0.05,0.00,0.00,0.00,0.08,0.00,0.00,0.00,0.08,0.00,0.00,0.00,0.00,0.00,0.89,0.92,0.00,0.00,0.00,0.00,0.00,0.61,0.00,0.00
Weights partition 4: 0.01,0.00,0.00,0.00,0.00,0.04,0.00,1.00,0.00,0.00,0.00,0.07,0.00,0.00,0.00,0.00,0.06,0.00,0.00,0.00,0.52,0.46,0.00,0.00,0.00,0.00,0.00,0.00,0.00,0.00
Weights partition 5: 0.00,0.00,0.06,0.00,0.00,0.00,0.00,0.00,0.00,0.00,0.00,0.00,0.00,0.00,0.00,0.00,0.00,0.00,0.00,0.05,0.00,1.00,1.00,0.00,0.00,0.00,0.00,0.87,0.00,0.00
..........................................................................................................
