No se ha usado O2

..........................................................................................................
Seed: 123
..........................................................................................................
Dataset            Algorithm      Partition        %_class          %_red        Fitness          T (s)
..........................................................................................................
ecoli                AGG-BLX              1          77.14          57.14          72.14       1.23e+01
ecoli                AGG-BLX              2          67.14          57.14          64.64       1.30e+01
ecoli                AGG-BLX              3          79.41          57.14          73.84       1.45e+01
ecoli                AGG-BLX              4          79.41          57.14          73.84       1.33e+01
ecoli                AGG-BLX              5          85.00          57.14          78.04       1.53e+01
Mean:                                                77.62          57.14          72.50       1.37e+01

Weights partition 1: 0.21,0.03,0.00,0.00,0.21,0.99,0.00
Weights partition 2: 0.67,0.00,0.00,0.00,0.26,0.59,0.04
Weights partition 3: 0.29,0.09,0.02,0.00,0.47,0.22,0.01
Weights partition 4: 0.78,0.04,0.01,0.01,0.81,0.65,0.01
Weights partition 5: 0.39,0.00,0.02,0.01,0.36,0.61,0.00
..........................................................................................................
ecoli                 AGG-CA              1          75.71          57.14          71.07       1.25e+01
ecoli                 AGG-CA              2          67.14          57.14          64.64       1.26e+01
ecoli                 AGG-CA              3          79.41          57.14          73.84       1.58e+01
ecoli                 AGG-CA              4          79.41          57.14          73.84       1.32e+01
ecoli                 AGG-CA              5          85.00          57.14          78.04       1.44e+01
Mean:                                                77.34          57.14          72.29       1.37e+01

Weights partition 1: 0.75,0.02,0.01,0.01,0.58,0.55,0.01
Weights partition 2: 0.50,0.03,0.02,0.00,0.19,0.42,0.01
Weights partition 3: 0.73,0.02,0.02,0.03,0.85,0.53,0.01
Weights partition 4: 0.87,0.02,0.00,0.01,0.82,0.27,0.02
Weights partition 5: 0.54,0.02,0.01,0.00,0.54,0.92,0.04
..........................................................................................................
ecoli                AGE-BLX              1          78.57          57.14          73.21       1.32e+01
ecoli                AGE-BLX              2          68.57          42.86          62.14       1.47e+01
ecoli                AGE-BLX              3          79.41          57.14          73.84       1.48e+01
ecoli                AGE-BLX              4          80.88          57.14          74.95       1.28e+01
ecoli                AGE-BLX              5          85.00          57.14          78.04       1.46e+01
Mean:                                                78.49          54.29          72.44       1.40e+01

Weights partition 1: 0.27,0.01,0.03,0.03,0.25,0.99,0.01
Weights partition 2: 0.59,0.07,0.01,0.08,0.40,0.61,0.39
Weights partition 3: 0.47,0.02,0.00,0.07,0.56,0.36,0.06
Weights partition 4: 0.56,0.00,0.04,0.09,0.77,0.11,0.01
Weights partition 5: 0.39,0.07,0.02,0.03,0.40,0.68,0.03
..........................................................................................................
ecoli                 AGE-CA              1          72.86          57.14          68.93       1.24e+01
ecoli                 AGE-CA              2          54.29          71.43          58.57       1.62e+01
ecoli                 AGE-CA              3          69.12          57.14          66.12       1.45e+01
ecoli                 AGE-CA              4          75.00          57.14          70.54       1.38e+01
ecoli                 AGE-CA              5          85.00          42.86          74.46       1.45e+01
Mean:                                                71.25          57.14          67.72       1.43e+01

Weights partition 1: 0.22,0.09,0.08,0.03,0.74,0.20,0.04
Weights partition 2: 0.15,0.07,0.06,0.02,0.03,0.03,0.68
Weights partition 3: 0.34,0.04,0.08,0.06,0.04,1.00,0.96
Weights partition 4: 0.98,0.00,0.08,0.00,0.65,0.08,0.20
Weights partition 5: 0.22,0.86,0.08,0.05,0.68,0.87,0.06
..........................................................................................................
parkinsons           AGG-BLX              1          95.00          81.82          91.70       1.08e+01
parkinsons           AGG-BLX              2          95.00          81.82          91.70       1.09e+01
parkinsons           AGG-BLX              3          95.00          77.27          90.57       1.17e+01
parkinsons           AGG-BLX              4         100.00          72.73          93.18       1.07e+01
parkinsons           AGG-BLX              5          88.57          68.18          83.47       1.18e+01
Mean:                                                94.71          76.36          90.13       1.12e+01

Weights partition 1: 0.41,0.08,0.00,0.05,0.01,0.01,0.07,0.02,0.03,0.94,0.03,0.01,0.01,0.08,0.04,0.07,0.47,0.95,0.06,0.00,0.00,0.02
Weights partition 2: 0.62,0.02,0.00,0.03,0.03,0.01,0.00,0.00,0.00,0.05,0.03,0.00,0.00,0.07,0.02,0.04,0.77,0.53,0.00,0.02,0.04,0.37
Weights partition 3: 0.36,0.00,0.06,0.00,0.00,0.00,0.05,0.02,0.00,0.00,0.00,0.01,0.06,0.98,0.02,0.90,0.45,0.00,0.95,0.01,0.05,0.02
Weights partition 4: 0.00,0.03,0.98,0.00,0.00,0.86,0.03,0.01,1.00,0.01,0.02,0.00,0.03,0.02,0.01,0.43,0.28,0.02,0.00,0.03,0.00,0.79
Weights partition 5: 0.66,0.01,0.00,0.05,0.99,0.00,0.01,0.01,0.06,0.02,0.02,0.03,0.02,0.02,0.00,0.70,0.35,0.63,0.52,0.64,0.01,0.02
..........................................................................................................
parkinsons            AGG-CA              1          92.50          77.27          88.69       1.14e+01
parkinsons            AGG-CA              2          95.00          81.82          91.70       1.11e+01
parkinsons            AGG-CA              3          95.00          77.27          90.57       1.21e+01
parkinsons            AGG-CA              4          95.00          77.27          90.57       1.03e+01
parkinsons            AGG-CA              5          91.43          81.82          89.03       1.27e+01
Mean:                                                93.79          79.09          90.11       1.15e+01

Weights partition 1: 0.14,0.08,0.01,0.00,0.01,0.88,0.05,0.01,0.00,0.01,0.03,0.03,0.04,0.03,0.00,0.97,0.41,0.02,0.06,0.03,0.05,0.87
Weights partition 2: 0.87,0.07,0.07,0.08,0.01,0.03,0.03,0.03,0.01,0.01,0.05,0.00,0.03,0.00,0.07,0.00,0.28,0.98,0.65,0.01,0.03,0.05
Weights partition 3: 0.64,0.00,0.04,0.05,0.00,0.01,0.96,0.00,0.06,0.05,0.03,0.03,0.03,0.04,0.03,0.00,0.51,0.66,0.83,0.06,0.02,0.03
Weights partition 4: 0.04,0.03,0.80,0.00,0.01,0.04,0.00,0.00,0.00,0.00,0.03,0.03,0.00,0.83,0.01,0.05,0.01,0.00,0.90,0.98,0.39,0.04
Weights partition 5: 0.76,0.00,0.03,0.04,0.02,0.05,0.07,0.05,0.05,0.02,0.03,0.00,0.00,0.06,0.00,0.05,0.01,0.89,0.25,0.50,0.01,0.00
..........................................................................................................
parkinsons           AGE-BLX              1         100.00          77.27          94.32       1.19e+01
parkinsons           AGE-BLX              2          87.50          77.27          84.94       1.16e+01
parkinsons           AGE-BLX              3          92.50          77.27          88.69       1.23e+01
parkinsons           AGE-BLX              4          95.00          77.27          90.57       1.17e+01
parkinsons           AGE-BLX              5          94.29          72.73          88.90       1.24e+01
Mean:                                                93.86          76.36          89.48       1.20e+01

Weights partition 1: 0.33,0.01,0.02,0.00,0.00,0.04,0.04,0.00,0.00,0.00,0.55,0.01,0.07,0.02,0.06,0.05,0.85,0.68,0.03,0.00,0.00,0.50
Weights partition 2: 0.92,0.26,0.02,0.01,0.01,0.00,0.01,0.04,0.07,0.00,0.08,0.07,0.04,0.05,0.00,0.03,0.58,0.22,0.06,0.03,0.02,0.57
Weights partition 3: 0.06,0.00,0.54,0.08,0.00,0.03,0.08,0.08,0.70,0.06,0.01,0.00,0.06,0.91,0.02,0.00,0.62,0.00,0.03,0.04,0.00,0.63
Weights partition 4: 0.60,0.00,0.05,0.07,0.00,0.43,0.01,0.00,0.04,0.07,0.06,0.09,0.04,0.08,0.01,0.01,0.15,0.15,0.03,0.03,0.00,0.71
Weights partition 5: 0.67,0.01,0.02,0.08,0.02,0.02,0.02,0.04,0.00,0.00,0.01,0.01,0.02,0.09,0.07,0.40,0.47,0.66,0.05,0.03,0.71,0.92
..........................................................................................................
parkinsons            AGE-CA              1          92.50          72.73          87.56       1.05e+01
parkinsons            AGE-CA              2          95.00          81.82          91.70       1.25e+01
parkinsons            AGE-CA              3          97.50          72.73          91.31       1.09e+01
parkinsons            AGE-CA              4          92.50          81.82          89.83       1.19e+01
parkinsons            AGE-CA              5          97.14          81.82          93.31       1.11e+01
Mean:                                                94.93          78.18          90.74       1.14e+01

Weights partition 1: 0.51,0.06,0.35,0.06,0.02,0.05,0.05,0.05,0.07,0.07,0.78,0.08,0.10,0.08,0.03,0.71,0.20,0.05,0.04,0.03,0.03,0.91
Weights partition 2: 0.84,0.08,0.06,0.05,0.09,0.07,0.07,0.05,0.05,0.05,0.08,0.09,0.03,0.05,0.09,0.09,0.98,0.46,0.04,0.06,0.01,0.70
Weights partition 3: 0.08,0.00,0.48,0.03,0.05,0.06,0.04,0.06,0.06,0.08,0.95,0.01,0.10,0.07,0.09,0.34,0.65,0.05,0.04,0.11,0.05,0.67
Weights partition 4: 0.98,0.02,0.04,0.07,0.09,0.01,0.04,0.09,0.04,0.03,0.01,0.06,0.08,0.05,0.06,0.04,0.99,0.98,0.07,0.08,0.07,0.98
Weights partition 5: 0.81,0.02,0.08,0.07,0.05,0.05,0.02,0.05,0.05,0.05,0.03,0.07,0.10,0.09,0.02,0.08,0.94,0.65,0.88,0.03,0.06,0.04
..........................................................................................................
breast-cancer        AGG-BLX              1          93.91          83.33          91.27       1.17e+02
breast-cancer        AGG-BLX              2          93.91          73.33          88.77       1.20e+02
breast-cancer        AGG-BLX              3          91.30          80.00          88.48       1.14e+02
breast-cancer        AGG-BLX              4          93.04          80.00          89.78       1.11e+02
breast-cancer        AGG-BLX              5          90.83          90.00          90.62       1.14e+02
Mean:                                                92.60          81.33          89.78       1.15e+02

Weights partition 1: 0.08,0.09,0.00,0.56,0.99,0.02,0.07,0.00,0.01,0.07,0.96,0.01,0.00,0.07,0.02,0.04,0.06,0.09,0.00,0.91,0.00,0.01,0.06,0.01,0.03,0.03,0.00,0.42,0.02,0.00
Weights partition 2: 0.00,0.00,0.05,0.01,0.02,0.00,0.05,0.48,0.01,0.04,0.68,0.08,0.08,0.07,0.00,0.78,0.06,0.00,0.39,0.01,0.02,0.96,0.05,0.73,0.07,0.00,1.00,0.03,0.07,0.34
Weights partition 3: 0.00,0.01,1.00,0.02,0.00,0.03,0.04,0.86,0.06,0.04,0.03,0.00,0.09,0.00,0.66,0.06,0.97,0.03,0.00,0.04,0.05,0.96,0.03,0.08,1.00,0.03,0.03,0.06,0.00,0.01
Weights partition 4: 0.00,0.05,0.06,0.87,0.34,0.04,0.01,0.44,0.00,0.03,0.07,0.15,0.00,0.01,0.00,0.00,0.00,0.00,0.00,0.05,0.00,0.01,0.04,0.01,0.00,0.83,0.70,0.00,0.04,0.00
Weights partition 5: 0.01,0.08,0.01,0.00,0.00,0.01,0.00,0.08,0.00,0.00,1.00,0.03,0.05,0.01,0.00,0.01,0.02,0.00,0.01,0.00,0.02,0.01,0.00,0.99,0.00,0.00,0.02,0.93,0.00,0.02
..........................................................................................................
breast-cancer         AGG-CA              1          96.52          83.33          93.22       1.16e+02
breast-cancer         AGG-CA              2          95.65          80.00          91.74       1.19e+02
breast-cancer         AGG-CA              3          91.30          80.00          88.48       1.17e+02
breast-cancer         AGG-CA              4          93.04          90.00          92.28       1.19e+02
breast-cancer         AGG-CA              5          94.50          83.33          91.70       1.12e+02
Mean:                                                94.20          83.33          91.49       1.17e+02

Weights partition 1: 0.00,0.37,0.07,0.06,0.06,0.02,0.00,0.83,0.57,0.05,0.05,0.02,0.01,0.02,0.08,0.00,0.00,0.05,0.00,0.05,0.95,0.03,0.06,0.06,0.04,0.03,0.93,0.00,0.02,0.01
Weights partition 2: 0.00,0.85,0.00,0.00,0.02,0.97,0.07,0.04,0.00,0.03,0.00,0.93,0.06,0.02,0.09,0.01,0.03,0.08,0.01,0.02,0.02,0.03,0.96,0.07,0.93,0.04,0.08,0.20,0.02,0.00
Weights partition 3: 0.00,0.04,0.07,0.02,0.70,0.01,0.91,0.07,0.03,0.01,0.00,0.04,0.06,0.99,0.46,0.00,0.01,0.00,0.00,0.01,0.45,0.62,0.01,0.00,0.07,0.01,0.00,0.00,0.09,0.03
Weights partition 4: 0.03,0.05,0.01,0.00,0.03,0.05,0.01,0.00,0.03,0.04,0.00,0.02,0.08,0.04,0.00,0.00,0.00,0.09,0.03,0.00,0.10,0.50,0.98,0.00,0.64,0.07,0.00,0.04,0.02,0.06
Weights partition 5: 0.02,0.00,0.03,0.04,0.01,0.04,0.08,0.95,0.05,0.08,0.02,0.07,0.08,0.01,0.00,0.00,0.02,0.08,0.99,0.01,0.02,0.97,0.72,0.04,0.21,0.04,0.01,0.01,0.03,0.02
..........................................................................................................
breast-cancer        AGE-BLX              1          94.78          80.00          91.09       1.13e+02
breast-cancer        AGE-BLX              2          97.39          90.00          95.54       1.17e+02
breast-cancer        AGE-BLX              3          87.83          80.00          85.87       1.20e+02
breast-cancer        AGE-BLX              4          94.78          86.67          92.75       1.14e+02
breast-cancer        AGE-BLX              5          95.41          80.00          91.56       1.13e+02
Mean:                                                94.04          83.33          91.36       1.15e+02

Weights partition 1: 0.99,0.42,0.03,0.00,0.05,0.03,0.08,0.69,0.00,0.05,0.05,0.07,0.07,0.01,0.02,0.94,0.08,0.00,0.39,0.01,0.00,0.02,0.04,0.02,0.33,0.01,0.03,0.00,0.01,0.02
Weights partition 2: 0.00,0.02,0.06,0.03,0.04,0.00,0.02,0.02,0.00,0.00,0.00,0.01,0.06,0.00,0.04,0.01,0.01,0.98,0.00,0.04,0.04,0.05,0.88,0.09,0.00,0.00,0.00,0.10,0.08,0.04
Weights partition 3: 0.45,0.23,0.00,0.00,0.08,0.04,0.00,0.03,0.00,0.05,0.05,0.08,0.01,0.94,0.68,0.00,0.99,0.05,0.09,0.00,0.00,0.05,0.00,0.00,0.08,0.06,0.29,0.09,0.00,0.05
Weights partition 4: 0.00,0.19,0.06,0.00,0.03,0.02,0.00,0.00,0.02,0.06,0.06,0.00,0.93,0.00,0.00,0.01,0.06,0.00,0.06,0.06,0.08,0.01,0.89,0.08,1.00,0.02,0.09,0.05,0.08,0.00
Weights partition 5: 0.00,0.69,0.07,0.03,0.00,0.02,1.00,0.08,0.03,0.04,0.02,0.00,0.98,0.06,0.06,0.91,0.05,0.01,0.02,0.03,0.00,0.03,0.87,0.00,0.30,0.06,0.01,0.03,0.09,0.00
..........................................................................................................
breast-cancer         AGE-CA              1          97.39          86.67          94.71       1.19e+02
breast-cancer         AGE-CA              2          91.30          83.33          89.31       1.18e+02
breast-cancer         AGE-CA              3          89.57          83.33          88.01       1.12e+02
breast-cancer         AGE-CA              4          92.17          90.00          91.63       1.10e+02
breast-cancer         AGE-CA              5          92.66          76.67          88.66       1.13e+02
Mean:                                                92.62          84.00          90.46       1.15e+02

Weights partition 1: 0.03,0.07,0.06,0.01,0.01,0.03,0.04,0.95,0.03,0.02,0.07,0.04,0.06,0.04,0.04,0.06,0.05,0.00,0.03,0.08,0.03,0.86,0.08,0.99,0.04,0.09,0.06,0.00,0.09,0.47
Weights partition 2: 0.03,0.39,0.09,0.05,0.00,0.04,0.34,0.08,0.06,0.00,0.06,0.05,0.05,0.03,0.06,0.50,0.05,0.02,0.02,0.07,0.95,0.03,0.08,0.01,0.08,0.00,0.36,0.07,0.07,0.03
Weights partition 3: 0.08,0.05,0.02,0.07,0.00,0.00,0.07,1.00,0.05,0.00,0.09,0.04,0.08,0.08,0.02,0.91,0.03,0.05,0.09,0.07,0.76,0.48,0.05,0.06,0.05,0.07,0.00,0.04,0.73,0.04
Weights partition 4: 0.08,0.01,0.08,0.06,0.06,0.09,0.04,0.93,0.09,0.04,0.07,0.07,0.02,0.06,0.05,0.06,0.03,0.03,0.03,0.04,0.88,0.43,0.07,0.07,0.09,0.10,0.08,0.06,0.03,0.05
Weights partition 5: 0.05,0.08,0.05,0.03,0.84,0.05,0.07,0.07,0.05,0.08,0.81,0.95,0.09,0.07,0.06,0.07,0.04,0.01,0.03,0.97,0.02,0.16,0.02,0.83,0.03,0.01,0.05,0.63,0.04,0.06
..........................................................................................................
