..........................................................................................................
Seed: 123
..........................................................................................................
Dataset            Algorithm      Partition        %_class          %_red        Fitness          T (s)
..........................................................................................................
ecoli                    1NN              1          80.00           0.00          60.00       0.00e+00
ecoli                    1NN              2          72.86           0.00          54.64       0.00e+00
ecoli                    1NN              3          82.35           0.00          61.76       0.00e+00
ecoli                    1NN              4          83.82           0.00          62.87       0.00e+00
ecoli                    1NN              5          85.00           0.00          63.75       0.00e+00
Mean:                                                80.81           0.00          60.61       0.00e+00

Weights partition 1: 1.00,1.00,1.00,1.00,1.00,1.00,1.00
Weights partition 2: 1.00,1.00,1.00,1.00,1.00,1.00,1.00
Weights partition 3: 1.00,1.00,1.00,1.00,1.00,1.00,1.00
Weights partition 4: 1.00,1.00,1.00,1.00,1.00,1.00,1.00
Weights partition 5: 1.00,1.00,1.00,1.00,1.00,1.00,1.00
..........................................................................................................
ecoli                 Greedy              1          77.14          28.57          65.00       1.00e-03
ecoli                 Greedy              2          74.29          28.57          62.86       1.00e-03
ecoli                 Greedy              3          79.41          28.57          66.70       1.00e-03
ecoli                 Greedy              4          80.88          28.57          67.80       1.00e-03
ecoli                 Greedy              5          86.67          28.57          72.14       1.00e-03
Mean:                                                79.68          28.57          66.90       1.00e-03

Weights partition 1: 0.69,0.58,0.00,0.00,1.00,0.54,0.46
Weights partition 2: 0.55,0.37,0.00,0.00,0.61,1.00,0.79
Weights partition 3: 1.00,0.78,0.00,0.00,0.84,0.75,0.46
Weights partition 4: 0.79,0.69,0.00,0.00,1.00,0.57,0.23
Weights partition 5: 0.58,0.81,0.00,0.00,1.00,0.72,0.42
..........................................................................................................
ecoli           Local search              1          75.71          57.14          71.07       1.98e-01
ecoli           Local search              2          65.71          42.86          60.00       1.78e-01
ecoli           Local search              3          70.59          71.43          70.80       1.71e-01
ecoli           Local search              4          64.71          71.43          66.39       1.91e-01
ecoli           Local search              5          76.67          57.14          71.79       2.56e-01
Mean:                                                70.68          60.00          68.01       1.99e-01

Weights partition 1: 1.00,0.00,0.00,0.00,0.83,0.78,0.10
Weights partition 2: 0.99,0.00,0.00,0.00,1.00,0.99,0.97
Weights partition 3: 1.00,0.00,0.00,0.00,0.04,0.00,0.80
Weights partition 4: 0.00,0.75,0.00,0.00,0.00,0.97,0.00
Weights partition 5: 0.00,0.14,0.00,0.03,1.00,0.19,0.08
..........................................................................................................
parkinsons               1NN              1          97.50           0.00          73.12       0.00e+00
parkinsons               1NN              2          87.50           0.00          65.62       0.00e+00
parkinsons               1NN              3          97.50           0.00          73.12       0.00e+00
parkinsons               1NN              4         100.00           0.00          75.00       0.00e+00
parkinsons               1NN              5          91.43           0.00          68.57       0.00e+00
Mean:                                                94.79           0.00          71.09       0.00e+00

Weights partition 1: 1.00,1.00,1.00,1.00,1.00,1.00,1.00,1.00,1.00,1.00,1.00,1.00,1.00,1.00,1.00,1.00,1.00,1.00,1.00,1.00,1.00,1.00
Weights partition 2: 1.00,1.00,1.00,1.00,1.00,1.00,1.00,1.00,1.00,1.00,1.00,1.00,1.00,1.00,1.00,1.00,1.00,1.00,1.00,1.00,1.00,1.00
Weights partition 3: 1.00,1.00,1.00,1.00,1.00,1.00,1.00,1.00,1.00,1.00,1.00,1.00,1.00,1.00,1.00,1.00,1.00,1.00,1.00,1.00,1.00,1.00
Weights partition 4: 1.00,1.00,1.00,1.00,1.00,1.00,1.00,1.00,1.00,1.00,1.00,1.00,1.00,1.00,1.00,1.00,1.00,1.00,1.00,1.00,1.00,1.00
Weights partition 5: 1.00,1.00,1.00,1.00,1.00,1.00,1.00,1.00,1.00,1.00,1.00,1.00,1.00,1.00,1.00,1.00,1.00,1.00,1.00,1.00,1.00,1.00
..........................................................................................................
parkinsons            Greedy              1          97.50           0.00          73.12       0.00e+00
parkinsons            Greedy              2          90.00           0.00          67.50       0.00e+00
parkinsons            Greedy              3          97.50           0.00          73.12       0.00e+00
parkinsons            Greedy              4          97.50           0.00          73.12       0.00e+00
parkinsons            Greedy              5          91.43           0.00          68.57       0.00e+00
Mean:                                                94.79           0.00          71.09       0.00e+00

Weights partition 1: 0.82,0.34,0.72,0.48,0.46,0.45,0.51,0.45,0.51,0.46,0.55,0.42,0.36,0.55,0.28,0.64,0.65,0.78,0.76,0.82,0.46,1.00
Weights partition 2: 0.85,0.51,0.74,0.23,0.26,0.26,0.34,0.26,0.54,0.46,0.57,0.48,0.36,0.57,0.15,0.58,0.61,1.00,0.72,0.87,0.48,0.96
Weights partition 3: 1.00,0.31,0.66,0.28,0.31,0.35,0.41,0.35,0.77,0.61,0.86,0.71,0.49,0.85,0.18,0.53,0.57,0.79,0.84,0.81,0.54,1.00
Weights partition 4: 0.83,0.38,0.72,0.37,0.37,0.40,0.46,0.40,0.60,0.50,0.66,0.52,0.37,0.66,0.22,0.62,0.71,1.00,0.74,0.80,0.46,0.95
Weights partition 5: 0.95,0.39,0.86,0.29,0.30,0.34,0.41,0.34,0.58,0.48,0.62,0.54,0.37,0.62,0.15,0.63,0.87,0.96,0.77,1.00,0.59,0.95
..........................................................................................................
parkinsons      Local search              1          97.50          77.27          92.44       7.53e-01
parkinsons      Local search              2          92.50          77.27          88.69       6.56e-01
parkinsons      Local search              3          97.50          68.18          90.17       4.66e-01
parkinsons      Local search              4          90.00          68.18          84.55       4.71e-01
parkinsons      Local search              5          85.71          77.27          83.60       7.40e-01
Mean:                                                92.64          73.64          87.89       6.17e-01

Weights partition 1: 0.00,0.00,0.94,0.03,0.00,0.09,0.00,0.00,0.00,0.00,1.00,0.00,0.00,0.09,0.06,0.79,0.71,0.08,0.00,0.00,0.00,1.00
Weights partition 2: 1.00,0.00,0.01,0.00,0.07,0.69,0.02,0.00,0.00,0.09,0.00,0.00,0.00,0.00,0.07,1.00,0.65,0.77,0.01,0.00,0.00,0.09
Weights partition 3: 0.98,0.95,1.00,0.00,0.00,0.00,0.00,0.00,0.05,0.00,0.09,0.00,0.00,0.04,0.09,0.59,0.00,0.43,0.00,0.33,0.00,0.32
Weights partition 4: 0.00,0.00,0.42,0.00,0.02,0.08,0.00,0.00,0.07,0.77,0.00,0.00,0.00,0.00,0.00,0.00,0.13,0.18,0.00,0.94,0.53,0.75
Weights partition 5: 1.00,0.06,0.04,0.09,0.00,0.87,0.00,0.00,0.00,0.01,0.00,0.00,0.00,0.10,0.04,0.50,0.00,1.00,0.08,0.82,0.07,0.00
..........................................................................................................
breast-cancer            1NN              1          97.39           0.00          73.04       0.00e+00
breast-cancer            1NN              2          96.52           0.00          72.39       0.00e+00
breast-cancer            1NN              3          92.17           0.00          69.13       0.00e+00
breast-cancer            1NN              4          98.26           0.00          73.70       0.00e+00
breast-cancer            1NN              5          93.58           0.00          70.18       0.00e+00
Mean:                                                95.59           0.00          71.69       0.00e+00

Weights partition 1: 1.00,1.00,1.00,1.00,1.00,1.00,1.00,1.00,1.00,1.00,1.00,1.00,1.00,1.00,1.00,1.00,1.00,1.00,1.00,1.00,1.00,1.00,1.00,1.00,1.00,1.00,1.00,1.00,1.00,1.00
Weights partition 2: 1.00,1.00,1.00,1.00,1.00,1.00,1.00,1.00,1.00,1.00,1.00,1.00,1.00,1.00,1.00,1.00,1.00,1.00,1.00,1.00,1.00,1.00,1.00,1.00,1.00,1.00,1.00,1.00,1.00,1.00
Weights partition 3: 1.00,1.00,1.00,1.00,1.00,1.00,1.00,1.00,1.00,1.00,1.00,1.00,1.00,1.00,1.00,1.00,1.00,1.00,1.00,1.00,1.00,1.00,1.00,1.00,1.00,1.00,1.00,1.00,1.00,1.00
Weights partition 4: 1.00,1.00,1.00,1.00,1.00,1.00,1.00,1.00,1.00,1.00,1.00,1.00,1.00,1.00,1.00,1.00,1.00,1.00,1.00,1.00,1.00,1.00,1.00,1.00,1.00,1.00,1.00,1.00,1.00,1.00
Weights partition 5: 1.00,1.00,1.00,1.00,1.00,1.00,1.00,1.00,1.00,1.00,1.00,1.00,1.00,1.00,1.00,1.00,1.00,1.00,1.00,1.00,1.00,1.00,1.00,1.00,1.00,1.00,1.00,1.00,1.00,1.00
..........................................................................................................
breast-cancer         Greedy              1          97.39           3.33          73.88       6.00e-03
breast-cancer         Greedy              2          97.39           3.33          73.88       6.00e-03
breast-cancer         Greedy              3          89.57          13.33          70.51       5.00e-03
breast-cancer         Greedy              4          97.39           0.00          73.04       5.00e-03
breast-cancer         Greedy              5          94.50           0.00          70.87       6.00e-03
Mean:                                                95.25           4.00          72.44       5.60e-03

Weights partition 1: 0.76,0.58,0.76,0.70,0.32,0.26,0.55,0.83,0.32,0.29,0.44,0.34,0.34,0.36,0.14,0.22,0.09,0.23,0.31,0.17,1.00,0.84,0.92,0.80,0.45,0.27,0.35,0.99,0.25,0.13
Weights partition 2: 0.67,0.56,0.68,0.63,0.30,0.22,0.54,0.80,0.33,0.15,0.44,0.36,0.34,0.35,0.13,0.20,0.10,0.24,0.30,0.12,0.93,0.82,0.86,0.74,0.47,0.29,0.39,1.00,0.30,0.10
Weights partition 3: 0.62,0.47,0.62,0.54,0.18,0.19,0.49,0.52,0.23,0.22,0.18,0.19,0.15,0.18,0.22,0.09,0.08,0.10,0.27,0.07,0.91,0.73,0.85,0.67,0.25,0.35,0.58,1.00,0.21,0.13
Weights partition 4: 0.72,0.51,0.73,0.66,0.32,0.28,0.60,0.90,0.28,0.21,0.45,0.39,0.35,0.36,0.17,0.21,0.12,0.27,0.29,0.14,0.93,0.72,0.88,0.74,0.48,0.30,0.34,1.00,0.27,0.13
Weights partition 5: 0.72,0.55,0.72,0.66,0.38,0.25,0.60,0.89,0.39,0.32,0.45,0.37,0.34,0.35,0.11,0.23,0.12,0.31,0.33,0.18,1.00,0.86,0.92,0.80,0.58,0.28,0.43,0.96,0.31,0.14
..........................................................................................................
breast-cancer   Local search              1          97.39          90.00          95.54       1.58e+01
breast-cancer   Local search              2          93.04          86.67          91.45       2.34e+01
breast-cancer   Local search              3          91.30          86.67          90.14       9.29e+00
breast-cancer   Local search              4          93.91          86.67          92.10       1.02e+01
breast-cancer   Local search              5          94.50          86.67          92.54       1.20e+01
Mean:                                                94.03          87.33          92.36       1.41e+01

Weights partition 1: 0.00,0.00,0.00,0.00,0.05,0.00,0.00,0.49,0.00,0.04,0.06,0.00,0.00,0.00,0.00,0.06,0.00,0.08,0.03,0.00,0.06,0.32,0.74,0.00,0.09,0.08,0.00,0.00,0.08,0.03
Weights partition 2: 0.00,0.00,0.00,0.00,0.00,0.00,0.00,0.02,0.19,0.07,0.00,0.00,0.00,0.00,0.10,0.00,0.04,0.00,0.00,0.00,0.38,1.00,0.00,0.00,0.09,0.00,0.05,0.99,0.03,0.00
Weights partition 3: 0.00,0.61,0.00,0.00,0.00,0.00,0.00,0.09,0.00,0.00,0.00,0.04,0.01,0.00,0.00,0.00,0.00,0.00,0.07,0.00,1.00,0.00,0.00,0.00,0.07,0.00,0.03,0.20,0.00,0.76
Weights partition 4: 0.00,0.00,0.00,0.00,0.05,0.04,0.00,0.00,0.00,0.00,0.00,0.00,0.00,0.00,1.00,0.00,0.09,0.00,0.04,0.00,0.00,0.99,0.97,0.00,0.41,0.00,0.07,0.08,0.00,0.00
Weights partition 5: 0.00,0.30,0.00,0.00,0.00,0.00,0.00,0.03,0.00,0.00,0.04,0.00,0.00,0.06,0.03,0.07,0.00,0.00,0.09,0.00,1.00,0.08,0.00,0.00,0.27,0.00,0.32,0.00,0.00,0.09
..........................................................................................................
