..........................................................................................................
Seed: 123
..........................................................................................................
Dataset            Algorithm      Partition        %_class          %_red        Fitness          T (s)
..........................................................................................................
ecoli                     ES              1          71.43          57.14          67.86       1.21e+01
ecoli                     ES              2          67.14          57.14          64.64       1.23e+01
ecoli                     ES              3          79.41          57.14          73.84       1.25e+01
ecoli                     ES              4          79.41          57.14          73.84       1.28e+01
ecoli                     ES              5          80.00          57.14          74.29       1.37e+01
Mean:                                                75.48          57.14          70.89       1.27e+01

Weights partition 1: 0.62,0.00,0.02,0.08,0.32,0.00,0.12
Weights partition 2: 0.71,0.00,0.00,0.00,0.28,0.63,0.00
Weights partition 3: 0.81,0.10,0.00,0.07,0.89,0.51,0.00
Weights partition 4: 1.00,0.00,0.00,0.00,0.73,0.20,0.00
Weights partition 5: 0.68,0.20,0.00,0.00,0.00,0.00,0.93
..........................................................................................................
ecoli                    BMB              1          77.14          57.14          72.14       3.83e+00
ecoli                    BMB              2          65.71          57.14          63.57       4.33e+00
ecoli                    BMB              3          79.41          57.14          73.84       4.10e+00
ecoli                    BMB              4          80.88          57.14          74.95       4.51e+00
ecoli                    BMB              5          85.00          57.14          78.04       4.87e+00
Mean:                                                77.63          57.14          72.51       4.33e+00

Weights partition 1: 0.17,0.00,0.00,0.00,0.10,1.00,0.00
Weights partition 2: 1.00,0.00,0.00,0.06,0.41,0.82,0.00
Weights partition 3: 0.77,0.02,0.10,0.00,0.90,0.55,0.00
Weights partition 4: 0.77,0.00,0.00,0.00,0.64,0.16,0.00
Weights partition 5: 0.64,0.00,0.00,0.00,0.59,1.00,0.00
..........................................................................................................
ecoli                 ILS-LS              1          75.71          57.14          71.07       3.04e+00
ecoli                 ILS-LS              2          67.14          57.14          64.64       3.27e+00
ecoli                 ILS-LS              3          79.41          57.14          73.84       3.63e+00
ecoli                 ILS-LS              4          72.06          71.43          71.90       3.04e+00
ecoli                 ILS-LS              5          86.67          42.86          75.71       3.40e+00
Mean:                                                76.20          57.14          71.43       3.28e+00

Weights partition 1: 0.56,0.00,0.00,0.07,0.46,0.43,0.08
Weights partition 2: 0.75,0.02,0.00,0.00,0.28,0.63,0.05
Weights partition 3: 0.38,0.05,0.00,0.00,0.41,0.25,0.00
Weights partition 4: 0.05,0.75,0.00,0.00,0.00,0.10,0.08
Weights partition 5: 0.37,1.00,0.00,0.00,0.33,0.06,0.92
..........................................................................................................
ecoli                 ILS-ES              1          77.14          57.14          72.14       1.23e+01
ecoli                 ILS-ES              2          68.57          57.14          65.71       1.24e+01
ecoli                 ILS-ES              3          79.41          57.14          73.84       1.30e+01
ecoli                 ILS-ES              4          80.88          57.14          74.95       1.26e+01
ecoli                 ILS-ES              5          85.00          57.14          78.04       1.33e+01
Mean:                                                78.20          57.14          72.94       1.28e+01

Weights partition 1: 0.18,0.00,0.00,0.00,0.11,1.00,0.00
Weights partition 2: 0.94,0.00,0.03,0.00,0.34,0.80,0.00
Weights partition 3: 0.93,0.09,0.00,0.00,1.00,0.60,0.00
Weights partition 4: 0.64,0.00,0.00,0.06,0.91,0.13,0.00
Weights partition 5: 0.63,0.00,0.00,0.00,0.63,1.00,0.00
..........................................................................................................
parkinsons                ES              1          92.50          77.27          88.69       9.65e+00
parkinsons                ES              2          95.00          77.27          90.57       1.04e+01
parkinsons                ES              3          97.50          77.27          92.44       1.04e+01
parkinsons                ES              4          92.50          81.82          89.83       1.01e+01
parkinsons                ES              5          85.71          81.82          84.74       1.01e+01
Mean:                                                92.64          79.09          89.25       1.01e+01

Weights partition 1: 0.00,0.00,0.59,0.00,0.00,0.10,0.00,1.00,0.00,0.00,0.00,0.00,0.00,0.00,0.05,0.28,0.14,0.00,0.65,0.00,0.00,0.00
Weights partition 2: 1.00,0.02,0.00,1.00,0.00,0.00,0.00,0.00,0.05,0.00,0.00,0.00,0.08,0.00,0.00,0.00,0.31,0.30,0.00,0.00,0.00,0.22
Weights partition 3: 1.00,0.00,0.00,0.00,0.00,0.00,0.00,0.03,0.00,0.00,0.00,0.00,0.00,0.00,0.00,1.00,0.84,0.27,0.00,0.00,0.00,1.00
Weights partition 4: 1.00,0.00,0.00,0.00,0.04,0.00,0.00,0.00,0.00,0.00,0.00,0.01,0.00,0.00,0.00,0.00,1.00,0.72,0.00,0.00,0.00,0.88
Weights partition 5: 1.00,0.00,0.00,0.00,0.00,0.00,0.00,0.00,0.00,0.00,0.00,0.00,0.00,0.04,0.00,0.63,1.00,0.00,1.00,0.07,0.00,0.00
..........................................................................................................
parkinsons               BMB              1         100.00          77.27          94.32       9.95e+00
parkinsons               BMB              2          95.00          81.82          91.70       1.02e+01
parkinsons               BMB              3          97.50          81.82          93.58       1.01e+01
parkinsons               BMB              4          92.50          81.82          89.83       1.00e+01
parkinsons               BMB              5          85.71          81.82          84.74       1.02e+01
Mean:                                                94.14          80.91          90.83       1.01e+01

Weights partition 1: 0.42,0.09,0.00,0.00,0.00,0.00,0.00,0.85,0.00,0.00,0.00,0.00,0.00,0.00,0.00,0.00,0.47,0.70,0.07,0.00,0.00,0.53
Weights partition 2: 0.92,0.00,0.00,0.00,0.00,0.00,0.00,0.00,0.00,0.00,0.00,0.02,0.00,0.00,0.00,0.00,1.00,0.78,0.83,0.00,0.09,0.07
Weights partition 3: 0.14,0.00,0.10,0.00,0.02,0.00,0.00,0.00,0.05,0.01,0.00,0.08,0.00,0.00,0.00,0.00,0.35,0.76,0.76,0.00,0.00,0.00
Weights partition 4: 0.55,0.00,0.00,0.00,0.10,0.00,0.00,0.00,0.00,0.00,0.00,0.00,0.09,0.02,0.05,0.00,0.81,1.00,0.00,0.00,0.00,0.96
Weights partition 5: 0.97,0.00,0.04,0.00,0.00,0.00,0.00,0.00,0.01,0.00,0.00,0.00,0.01,0.00,0.00,0.59,1.00,0.09,0.99,0.00,0.00,0.07
..........................................................................................................
parkinsons            ILS-LS              1          97.50          77.27          92.44       6.92e+00
parkinsons            ILS-LS              2          95.00          77.27          90.57       7.13e+00
parkinsons            ILS-LS              3          95.00          77.27          90.57       7.34e+00
parkinsons            ILS-LS              4          92.50          72.73          87.56       5.99e+00
parkinsons            ILS-LS              5          91.43          81.82          89.03       6.82e+00
Mean:                                                94.29          77.27          90.03       6.84e+00

Weights partition 1: 0.53,0.00,0.00,0.00,0.00,0.00,0.00,0.00,0.01,0.00,0.00,0.00,0.08,0.45,0.00,0.00,0.94,0.96,0.00,0.00,0.00,0.36
Weights partition 2: 0.72,0.00,0.00,0.06,0.00,0.00,0.00,0.00,0.00,0.00,0.04,0.00,0.06,0.06,0.00,0.43,0.74,0.72,0.98,0.00,0.00,0.00
Weights partition 3: 0.39,0.07,0.00,0.03,0.00,0.00,0.06,0.00,0.00,0.08,0.00,0.00,0.00,0.00,1.00,0.74,0.15,0.00,0.34,0.06,0.00,0.00
Weights partition 4: 0.00,0.00,1.00,0.00,0.00,0.00,0.00,0.00,0.00,0.00,0.00,0.00,0.00,0.00,0.98,0.00,0.13,0.37,0.00,0.95,0.08,0.71
Weights partition 5: 0.96,0.00,0.00,0.00,0.07,0.00,0.00,0.00,0.00,0.00,0.00,0.07,0.00,0.00,0.00,0.00,0.00,0.25,0.12,0.24,0.03,0.00
..........................................................................................................
parkinsons            ILS-ES              1          97.50          77.27          92.44       1.01e+01
parkinsons            ILS-ES              2          95.00          81.82          91.70       1.02e+01
parkinsons            ILS-ES              3          95.00          77.27          90.57       1.02e+01
parkinsons            ILS-ES              4          92.50          81.82          89.83       9.71e+00
parkinsons            ILS-ES              5          85.71          81.82          84.74       1.02e+01
Mean:                                                93.14          80.00          89.86       1.01e+01

Weights partition 1: 0.51,0.00,0.00,0.00,0.00,0.00,0.01,0.00,0.00,0.00,0.00,0.00,0.00,0.95,0.00,0.00,1.00,0.77,0.00,0.00,0.00,0.46
Weights partition 2: 1.00,0.00,0.00,0.00,0.00,0.02,0.00,0.00,0.00,0.07,0.00,0.00,0.04,0.01,0.00,0.00,0.78,1.00,0.08,0.00,0.00,0.98
Weights partition 3: 0.39,0.00,0.00,0.09,0.07,0.00,0.00,0.00,0.00,0.00,0.00,0.00,0.00,0.00,0.00,0.72,0.52,0.22,1.00,0.00,0.00,0.00
Weights partition 4: 0.83,0.03,0.00,0.00,0.00,0.00,0.00,0.00,0.00,0.00,0.00,0.00,0.00,0.10,0.00,0.00,0.18,0.30,0.55,0.00,0.00,0.00
Weights partition 5: 1.00,0.00,0.00,0.00,0.06,0.00,0.00,0.00,0.00,0.00,0.00,0.05,0.00,0.00,0.00,0.44,0.76,0.00,0.00,0.00,0.00,0.56
..........................................................................................................
breast-cancer             ES              1          96.52          86.67          94.06       9.83e+01
breast-cancer             ES              2          96.52          83.33          93.22       9.82e+01
breast-cancer             ES              3          89.57          86.67          88.84       9.77e+01
breast-cancer             ES              4          94.78          83.33          91.92       9.81e+01
breast-cancer             ES              5          88.99          90.00          89.24       9.99e+01
Mean:                                                93.28          86.00          91.46       9.84e+01

Weights partition 1: 0.00,0.01,0.00,0.00,0.16,0.00,0.00,0.00,0.00,0.00,0.00,0.08,0.00,0.00,0.00,0.00,0.00,0.00,0.00,0.00,0.00,0.44,0.88,0.00,0.00,0.00,0.55,0.00,0.00,0.00
Weights partition 2: 0.00,0.23,0.00,0.00,0.00,0.00,0.48,0.00,0.00,0.00,0.00,0.05,0.00,0.00,1.00,0.36,0.00,0.00,0.05,0.00,1.00,0.00,0.02,0.00,0.00,0.00,0.02,0.05,0.00,0.00
Weights partition 3: 0.07,0.02,0.00,0.00,0.07,0.00,0.00,0.00,0.00,0.00,0.00,0.00,0.00,0.00,0.00,0.00,0.00,0.00,0.30,0.00,0.00,0.00,0.59,0.00,1.00,0.27,0.00,0.00,0.00,0.00
Weights partition 4: 0.00,0.02,0.00,0.00,0.00,0.00,0.00,0.76,0.04,0.00,0.79,0.00,0.00,0.00,0.00,0.00,0.00,0.00,0.00,0.00,0.00,0.53,1.00,0.05,1.00,0.00,0.00,0.00,0.03,0.00
Weights partition 5: 0.00,0.00,0.06,0.00,0.00,0.00,0.00,0.00,0.00,0.00,0.00,0.68,0.00,0.00,0.03,0.00,0.00,0.00,0.00,0.00,0.00,0.00,1.00,0.00,1.00,0.00,0.00,0.00,0.00,0.04
..........................................................................................................
breast-cancer            BMB              1          96.52          90.00          94.89       1.02e+02
breast-cancer            BMB              2          95.65          90.00          94.24       1.02e+02
breast-cancer            BMB              3          93.04          90.00          92.28       1.02e+02
breast-cancer            BMB              4          93.91          90.00          92.93       1.02e+02
breast-cancer            BMB              5          96.33          90.00          94.75       1.04e+02
Mean:                                                95.09          90.00          93.82       1.03e+02

Weights partition 1: 0.00,0.00,0.00,0.00,0.03,0.00,0.00,1.00,0.01,0.00,0.02,0.00,0.05,0.00,0.05,0.06,0.00,0.00,0.00,0.00,0.87,0.64,0.00,0.09,0.07,0.00,0.00,0.00,0.06,0.00
Weights partition 2: 0.00,0.58,0.04,0.00,0.06,0.00,0.00,0.00,0.00,0.00,0.00,0.00,0.00,0.00,0.00,0.00,0.07,0.01,0.00,0.03,0.00,0.00,1.00,0.03,0.67,0.00,0.00,0.00,0.00,0.00
Weights partition 3: 0.04,0.00,0.00,0.00,0.00,0.00,0.00,0.04,0.00,0.00,0.04,0.00,0.09,0.03,0.00,0.00,0.00,0.00,0.07,0.00,0.99,1.00,0.00,0.00,0.00,0.00,0.01,0.58,0.07,0.05
Weights partition 4: 0.00,0.00,0.00,0.08,0.08,0.00,0.00,0.03,0.09,0.00,0.00,0.21,0.00,0.07,0.00,0.05,0.00,0.08,0.04,0.00,0.00,0.04,0.72,0.07,0.97,0.00,0.04,0.00,0.00,0.00
Weights partition 5: 0.01,0.07,0.02,0.00,0.00,0.00,0.00,0.60,0.07,0.00,0.00,0.00,0.01,0.00,0.00,0.06,0.00,0.04,0.00,0.00,0.56,0.69,0.05,0.00,0.00,0.00,0.04,0.09,0.05,0.00
..........................................................................................................
breast-cancer         ILS-LS              1          95.65          83.33          92.57       9.68e+01
breast-cancer         ILS-LS              2          94.78          90.00          93.59       9.07e+01
breast-cancer         ILS-LS              3          91.30          90.00          90.98       8.92e+01
breast-cancer         ILS-LS              4          92.17          90.00          91.63       8.94e+01
breast-cancer         ILS-LS              5          93.58          86.67          91.85       9.51e+01
Mean:                                                93.50          88.00          92.12       9.22e+01

Weights partition 1: 0.00,0.04,0.00,0.00,0.00,0.54,0.08,0.00,0.07,0.10,0.00,0.00,0.05,0.07,0.00,0.00,0.00,0.00,0.08,0.00,1.00,1.00,0.00,0.01,0.56,0.06,0.36,0.00,0.00,0.00
Weights partition 2: 0.00,0.52,0.00,0.08,0.04,0.00,0.00,0.00,0.00,0.00,0.00,0.04,0.00,0.00,0.00,0.00,0.00,0.00,0.00,0.00,0.00,0.00,0.00,0.98,0.21,0.00,0.08,0.00,0.06,0.00
Weights partition 3: 0.00,0.00,0.00,0.02,0.00,0.00,0.00,0.03,0.00,0.00,0.00,0.00,0.00,0.00,0.00,0.00,0.00,0.05,0.00,0.02,0.00,0.27,0.42,0.00,0.04,0.00,0.00,0.78,0.01,0.07
Weights partition 4: 0.02,0.00,0.00,0.00,0.09,0.00,0.00,0.00,0.00,0.02,0.00,0.00,0.00,0.00,0.00,0.00,0.04,0.07,0.00,0.00,1.00,0.14,0.00,0.00,0.20,0.03,0.00,0.00,0.00,0.04
Weights partition 5: 0.00,0.00,0.08,0.00,0.80,0.00,0.03,0.00,0.00,0.04,0.00,0.00,0.00,0.06,0.00,0.08,0.00,0.00,0.00,0.00,0.00,0.21,0.00,1.00,0.00,0.00,0.38,0.00,0.00,0.00
..........................................................................................................
breast-cancer         ILS-ES              1          96.52          90.00          94.89       9.91e+01
breast-cancer         ILS-ES              2          95.65          90.00          94.24       9.97e+01
breast-cancer         ILS-ES              3          86.09          90.00          87.07       1.00e+02
breast-cancer         ILS-ES              4          93.04          90.00          92.28       9.99e+01
breast-cancer         ILS-ES              5          95.41          83.33          92.39       1.03e+02
Mean:                                                93.34          88.67          92.17       1.00e+02

Weights partition 1: 0.00,0.05,0.00,0.00,0.00,0.00,0.00,0.00,0.00,0.00,0.00,0.00,0.09,0.00,0.00,0.00,0.00,0.00,0.00,0.00,0.00,0.34,0.00,1.00,0.00,0.00,0.00,0.38,0.00,0.00
Weights partition 2: 0.04,0.00,0.00,0.00,0.00,0.00,0.00,0.00,0.00,0.00,0.00,0.00,0.08,0.00,0.00,0.00,0.00,0.04,0.03,0.00,0.00,0.60,1.00,0.00,0.69,0.00,0.00,0.00,0.00,0.04
Weights partition 3: 0.00,0.22,0.00,0.00,0.00,0.07,0.06,0.00,0.00,0.00,0.00,0.00,0.00,0.00,0.00,0.00,0.00,0.00,0.05,0.00,0.41,0.00,0.00,0.00,0.00,0.00,0.00,0.00,0.00,0.74
Weights partition 4: 0.00,0.16,0.00,0.04,0.00,0.00,0.05,0.00,0.00,0.00,0.00,0.00,0.00,0.00,0.00,0.06,0.00,0.00,0.00,0.00,0.00,0.04,0.00,1.00,0.73,0.00,0.00,0.00,0.10,0.00
Weights partition 5: 0.00,0.10,0.00,0.00,0.00,0.00,0.00,0.00,0.00,0.00,0.07,0.00,0.00,0.00,0.00,0.00,0.00,0.00,0.57,0.00,1.00,0.35,0.00,0.00,0.58,0.00,0.34,0.00,0.00,0.00
..........................................................................................................
