..........................................................................................................
Seed: 42
..........................................................................................................
Dataset            Algorithm      Partition        %_class          %_red        Fitness          T (s)
..........................................................................................................
ecoli           Local search              1          74.29          57.14          70.00       4.11e+00
ecoli           Local search              2          60.00          71.43          62.86       2.83e+00
ecoli           Local search              3          82.35          57.14          76.05       2.81e+00
ecoli           Local search              4          72.06          71.43          71.90       3.83e+00
ecoli           Local search              5          85.00          42.86          74.46       2.86e+00
Mean:                                                74.74          60.00          71.05       3.29e+00

Weights partition 1: 0.51,0.16,0.00,0.00,0.00,0.10,1.00
Weights partition 2: 0.58,0.09,0.00,0.06,0.00,0.07,0.59
Weights partition 3: 1.00,0.00,0.00,0.00,1.00,0.76,0.01
Weights partition 4: 0.00,0.82,0.00,0.05,0.00,0.12,0.00
Weights partition 5: 1.00,0.66,0.05,0.00,0.44,0.00,0.74
..........................................................................................................
parkinsons      Local search              1          90.00          77.27          86.82       6.25e+00
parkinsons      Local search              2          92.50          72.73          87.56       5.00e+00
parkinsons      Local search              3          90.00          72.73          85.68       5.90e+00
parkinsons      Local search              4          92.50          77.27          88.69       7.03e+00
parkinsons      Local search              5          88.57          81.82          86.88       8.68e+00
Mean:                                                90.71          76.36          87.13       6.57e+00

Weights partition 1: 0.00,0.00,1.00,0.00,0.00,0.10,0.07,0.00,0.00,0.07,0.06,0.00,0.00,0.00,0.00,0.95,0.03,0.01,0.02,0.52,0.40,0.50
Weights partition 2: 0.00,0.00,0.94,0.00,0.00,0.03,0.07,0.07,0.01,0.05,0.09,0.04,0.00,1.00,0.00,0.00,0.00,0.30,0.52,0.73,0.00,0.47
Weights partition 3: 0.00,0.05,0.82,0.09,0.06,0.00,0.00,0.00,0.00,0.10,0.00,0.00,0.08,0.78,0.06,0.85,0.85,0.00,0.00,0.00,0.44,0.94
Weights partition 4: 0.82,0.00,0.00,0.00,0.86,0.00,0.00,0.00,0.00,0.00,0.00,0.00,0.00,0.00,0.06,0.00,0.50,0.59,0.00,0.00,0.00,0.65
Weights partition 5: 1.00,0.00,0.00,0.00,0.08,0.00,0.00,0.05,0.00,0.00,0.00,0.00,0.00,0.00,0.01,0.01,0.05,1.00,0.09,0.56,0.51,0.00
..........................................................................................................
breast-cancer   Local search              1          96.52          83.33          93.22       1.12e+02
breast-cancer   Local search              2          94.78          80.00          91.09       1.15e+02
breast-cancer   Local search              3          86.96          90.00          87.72       1.04e+02
breast-cancer   Local search              4          95.65          90.00          94.24       1.17e+02
breast-cancer   Local search              5          94.50          80.00          90.87       1.25e+02
Mean:                                                93.68          84.67          91.43       1.15e+02

Weights partition 1: 0.00,0.88,0.00,0.02,0.00,0.10,0.97,1.00,0.00,0.00,0.06,0.00,0.00,0.00,0.00,0.81,0.00,0.01,0.02,0.00,0.00,0.05,0.97,0.00,0.09,0.00,0.00,0.00,0.00,0.00
Weights partition 2: 0.00,0.00,0.00,0.00,0.00,0.00,0.00,0.00,0.00,0.00,0.00,1.00,0.00,0.97,0.00,0.00,0.00,0.00,0.00,0.00,0.00,0.00,0.49,0.00,0.00,0.95,0.00,0.74,0.60,0.00
Weights partition 3: 0.04,0.05,0.10,0.00,0.04,0.01,0.00,0.00,0.04,0.00,0.00,0.00,0.00,0.00,0.00,0.00,0.00,0.00,0.00,0.00,0.00,0.00,0.08,0.66,0.00,0.00,0.00,0.52,0.00,0.99
Weights partition 4: 0.00,0.81,0.00,0.00,0.00,0.08,0.00,0.04,0.00,0.00,0.09,0.00,0.00,0.00,0.00,0.00,0.03,0.09,0.00,0.00,0.00,0.00,0.00,1.00,0.00,0.00,0.96,0.00,0.07,0.00
Weights partition 5: 0.04,0.00,1.00,0.02,0.01,0.00,0.00,0.00,0.00,0.00,1.00,0.00,0.08,0.00,0.10,0.07,0.00,0.00,1.00,0.00,0.00,0.61,0.00,0.01,0.57,0.00,0.76,0.04,0.00,0.01
..........................................................................................................
