..........................................................................................................
Seed: 2024
..........................................................................................................
Dataset            Algorithm      Partition        %_class          %_red        Fitness          T (s)
..........................................................................................................
ecoli           Local search              1          71.43          57.14          67.86       4.27e+00
ecoli           Local search              2          74.29          57.14          70.00       4.66e+00
ecoli           Local search              3          77.94          42.86          69.17       3.26e+00
ecoli           Local search              4          80.88          57.14          74.95       2.21e+00
ecoli           Local search              5          81.67          42.86          71.96       2.97e+00
Mean:                                                77.24          51.43          70.79       3.47e+00

Weights partition 1: 0.98,0.23,0.00,0.02,0.00,0.04,1.00
Weights partition 2: 0.62,0.00,0.00,0.00,1.00,0.12,0.00
Weights partition 3: 0.42,0.00,0.92,0.00,0.64,0.25,0.10
Weights partition 4: 1.00,0.00,0.00,0.00,0.95,0.73,0.00
Weights partition 5: 0.57,0.86,0.01,0.00,0.74,0.06,0.89
..........................................................................................................
parkinsons      Local search              1         100.00          77.27          94.32       8.54e+00
parkinsons      Local search              2          87.50          68.18          82.67       9.91e+00
parkinsons      Local search              3          97.50          72.73          91.31       7.96e+00
parkinsons      Local search              4          90.00          68.18          84.55       6.25e+00
parkinsons      Local search              5          97.14          68.18          89.90       6.93e+00
Mean:                                                94.43          70.91          88.55       7.92e+00

Weights partition 1: 1.00,0.00,0.00,0.00,0.10,0.04,0.00,0.00,0.08,0.03,0.00,0.00,0.00,0.52,0.00,0.00,1.00,0.46,0.00,0.00,0.00,0.82
Weights partition 2: 0.00,0.72,0.00,0.07,0.00,0.02,0.00,0.00,0.00,0.00,0.00,0.00,0.00,0.05,0.00,0.90,0.31,1.00,0.06,0.32,0.40,0.83
Weights partition 3: 1.00,0.00,0.00,0.07,0.04,0.00,0.00,0.00,0.00,0.90,0.00,0.04,0.00,0.00,0.10,0.83,0.60,0.00,0.91,0.00,0.02,1.00
Weights partition 4: 0.09,0.58,0.00,0.00,0.97,0.00,0.02,0.03,0.00,0.00,0.07,0.00,0.00,0.00,0.00,0.00,0.20,0.69,0.21,0.25,0.00,0.13
Weights partition 5: 0.51,0.00,0.04,0.00,0.03,0.07,1.00,0.00,0.04,0.00,0.00,0.00,0.05,0.00,0.01,0.26,0.60,1.00,0.37,0.00,0.00,0.28
..........................................................................................................
breast-cancer   Local search              1          96.52          83.33          93.22       1.16e+02
breast-cancer   Local search              2          93.91          90.00          92.93       1.21e+02
breast-cancer   Local search              3          86.09          86.67          86.23       1.24e+02
breast-cancer   Local search              4          93.04          86.67          91.45       1.03e+02
breast-cancer   Local search              5          95.41          86.67          93.23       1.17e+02
Mean:                                                93.00          86.67          91.41       1.16e+02

Weights partition 1: 0.00,0.00,0.00,0.04,0.00,0.04,0.00,0.00,0.00,0.03,0.00,0.00,0.07,0.00,0.05,0.00,0.02,0.00,0.00,0.00,1.00,0.22,0.00,0.00,0.00,0.48,0.93,0.88,0.00,0.00
Weights partition 2: 0.00,0.00,0.05,0.03,0.00,0.00,0.08,0.00,0.00,0.00,0.00,0.05,0.00,0.00,0.02,0.00,0.00,0.06,0.00,0.09,0.00,0.26,0.32,0.00,0.81,0.00,0.00,0.00,0.00,0.00
Weights partition 3: 0.06,0.00,0.06,0.00,0.00,0.02,0.04,0.00,0.00,0.00,0.00,0.00,0.00,0.04,0.00,0.00,0.00,0.00,0.00,0.00,1.00,0.47,0.00,0.08,0.00,0.37,0.00,0.00,0.67,0.00
Weights partition 4: 0.00,0.07,0.00,0.00,0.00,0.00,0.00,0.05,0.00,0.00,0.00,0.00,0.00,0.00,0.00,0.06,0.00,0.67,0.00,0.03,0.99,0.00,0.00,0.00,0.90,0.58,0.08,0.00,0.09,0.00
Weights partition 5: 0.00,1.00,0.00,0.00,0.00,0.00,0.09,0.00,0.00,0.00,0.00,0.02,0.00,0.00,0.44,0.08,0.01,0.00,0.00,0.00,1.00,0.00,0.07,0.05,0.93,0.00,0.00,0.00,0.00,0.06
..........................................................................................................
