..........................................................................................................
Seed: 123
..........................................................................................................
Dataset            Algorithm      Partition        %_class          %_red        Fitness          T (s)
..........................................................................................................
ecoli           Local search              1          75.71          57.14          71.07       2.82e+00
ecoli           Local search              2          65.71          42.86          60.00       3.02e+00
ecoli           Local search              3          70.59          71.43          70.80       2.30e+00
ecoli           Local search              4          64.71          71.43          66.39       2.63e+00
ecoli           Local search              5          76.67          57.14          71.79       3.66e+00
Mean:                                                70.68          60.00          68.01       2.89e+00

Weights partition 1: 1.00,0.00,0.00,0.00,0.83,0.78,0.10
Weights partition 2: 0.99,0.00,0.00,0.00,1.00,0.99,0.97
Weights partition 3: 1.00,0.00,0.00,0.00,0.04,0.00,0.80
Weights partition 4: 0.00,0.75,0.00,0.00,0.00,0.97,0.00
Weights partition 5: 0.00,0.14,0.00,0.03,1.00,0.19,0.08
..........................................................................................................
parkinsons      Local search              1          97.50          77.27          92.44       8.25e+00
parkinsons      Local search              2          92.50          77.27          88.69       6.78e+00
parkinsons      Local search              3          97.50          68.18          90.17       6.05e+00
parkinsons      Local search              4          90.00          68.18          84.55       6.20e+00
parkinsons      Local search              5          85.71          77.27          83.60       8.56e+00
Mean:                                                92.64          73.64          87.89       7.17e+00

Weights partition 1: 0.00,0.00,0.94,0.03,0.00,0.09,0.00,0.00,0.00,0.00,1.00,0.00,0.00,0.09,0.06,0.79,0.71,0.08,0.00,0.00,0.00,1.00
Weights partition 2: 1.00,0.00,0.01,0.00,0.07,0.69,0.02,0.00,0.00,0.09,0.00,0.00,0.00,0.00,0.07,1.00,0.65,0.77,0.01,0.00,0.00,0.09
Weights partition 3: 0.98,0.95,1.00,0.00,0.00,0.00,0.00,0.00,0.05,0.00,0.09,0.00,0.00,0.04,0.09,0.59,0.00,0.43,0.00,0.33,0.00,0.32
Weights partition 4: 0.00,0.00,0.42,0.00,0.02,0.08,0.00,0.00,0.07,0.77,0.00,0.00,0.00,0.00,0.00,0.00,0.13,0.18,0.00,0.94,0.53,0.75
Weights partition 5: 1.00,0.06,0.04,0.09,0.00,0.87,0.00,0.00,0.00,0.01,0.00,0.00,0.00,0.10,0.04,0.50,0.00,1.00,0.08,0.82,0.07,0.00
..........................................................................................................
breast-cancer   Local search              1          96.52          90.00          94.89       1.07e+02
breast-cancer   Local search              2          98.26          90.00          96.20       1.02e+02
breast-cancer   Local search              3          86.96          90.00          87.72       9.23e+01
breast-cancer   Local search              4          98.26          90.00          96.20       9.56e+01
breast-cancer   Local search              5          90.83          86.67          89.79       1.25e+02
Mean:                                                94.17          89.33          92.96       1.04e+02

Weights partition 1: 0.00,0.00,0.00,0.00,0.05,0.00,0.00,0.33,0.00,0.04,0.06,0.00,0.00,0.00,0.00,0.06,0.00,0.08,0.03,0.00,0.06,0.32,0.74,0.00,0.09,0.08,0.00,0.00,0.08,0.03
Weights partition 2: 0.00,0.00,0.00,0.00,0.00,0.00,0.00,0.06,0.01,0.03,0.00,0.00,0.00,0.00,0.01,0.01,0.00,0.00,0.03,0.04,0.00,0.81,0.75,0.00,0.02,0.10,0.00,0.55,0.00,0.01
Weights partition 3: 0.00,0.66,0.00,0.00,0.02,0.00,0.00,0.00,0.06,0.00,0.04,0.00,0.07,0.09,0.03,0.00,0.00,0.00,0.00,0.01,0.00,0.04,1.00,0.00,0.10,0.00,0.00,0.05,0.66,0.06
Weights partition 4: 0.02,0.00,0.06,0.09,0.00,0.00,0.00,0.00,0.00,0.00,0.02,0.04,0.00,0.00,0.00,0.05,0.09,0.06,0.00,0.00,0.00,0.33,0.42,0.00,0.01,0.00,0.06,0.27,0.01,0.00
Weights partition 5: 0.00,0.07,0.00,0.00,0.04,0.05,0.00,0.03,0.00,0.06,0.00,0.00,0.04,0.00,0.00,0.00,0.08,0.00,0.00,0.00,0.00,0.18,0.43,0.05,0.10,0.10,0.96,0.08,1.00,0.03
..........................................................................................................
