..........................................................................................................
Seed: 123
..........................................................................................................
Dataset            Algorithm      Partition        %_class          %_red        Fitness          T (s)
..........................................................................................................
ecoli                     ES              1          71.43          57.14          67.86       8.54e+00
ecoli                     ES              2          54.29          71.43          58.57       7.74e+00
ecoli                     ES              3          79.41          57.14          73.84       8.45e+00
ecoli                     ES              4          79.41          57.14          73.84       9.13e+00
ecoli                     ES              5          85.00          57.14          78.04       8.67e+00
Mean:                                                73.91          60.00          70.43       8.51e+00

Weights partition 1: 0.62,0.00,0.02,0.08,0.32,0.00,0.12
Weights partition 2: 0.26,0.00,0.00,0.02,0.07,0.00,1.00
Weights partition 3: 0.84,0.00,0.04,0.00,0.91,0.55,0.00
Weights partition 4: 1.00,0.00,0.00,0.00,0.96,0.32,0.00
Weights partition 5: 0.51,0.00,0.00,0.10,0.51,0.76,0.00
..........................................................................................................
ecoli                    BMB              1          78.57          57.14          73.21       3.27e+00
ecoli                    BMB              2          67.14          57.14          64.64       2.71e+00
ecoli                    BMB              3          79.41          57.14          73.84       3.21e+00
ecoli                    BMB              4          80.88          57.14          74.95       2.99e+00
ecoli                    BMB              5          85.00          57.14          78.04       2.81e+00
Mean:                                                78.20          57.14          72.94       3.00e+00

Weights partition 1: 0.16,0.00,0.00,0.00,0.15,0.91,0.00
Weights partition 2: 1.00,0.00,0.00,0.00,0.37,0.80,0.00
Weights partition 3: 0.85,0.00,0.00,0.00,1.00,0.62,0.00
Weights partition 4: 1.00,0.00,0.07,0.00,0.75,0.20,0.00
Weights partition 5: 0.48,0.00,0.00,0.00,0.50,0.78,0.00
..........................................................................................................
ecoli                 ILS-LS              1          75.71          57.14          71.07       1.87e+00
ecoli                 ILS-LS              2          67.14          57.14          64.64       2.29e+00
ecoli                 ILS-LS              3          79.41          57.14          73.84       2.30e+00
ecoli                 ILS-LS              4          80.88          57.14          74.95       1.98e+00
ecoli                 ILS-LS              5          85.00          57.14          78.04       2.46e+00
Mean:                                                77.63          57.14          72.51       2.18e+00

Weights partition 1: 1.00,0.00,0.00,0.00,0.86,0.81,0.00
Weights partition 2: 1.00,0.04,0.08,0.00,0.41,0.92,0.09
Weights partition 3: 0.51,0.00,0.00,0.00,0.54,0.33,0.00
Weights partition 4: 0.98,0.00,0.00,0.02,0.81,0.21,0.10
Weights partition 5: 0.46,0.00,0.00,0.00,0.46,0.79,0.00
..........................................................................................................
ecoli                 ILS-ES              1          78.57          57.14          73.21       8.34e+00
ecoli                 ILS-ES              2          67.14          57.14          64.64       8.57e+00
ecoli                 ILS-ES              3          79.41          57.14          73.84       8.58e+00
ecoli                 ILS-ES              4          80.88          57.14          74.95       8.68e+00
ecoli                 ILS-ES              5          85.00          57.14          78.04       9.21e+00
Mean:                                                78.20          57.14          72.94       8.68e+00

Weights partition 1: 0.14,0.00,0.00,0.08,0.11,1.00,0.00
Weights partition 2: 0.86,0.00,0.00,0.00,0.35,0.80,0.00
Weights partition 3: 0.67,0.00,0.04,0.00,0.75,0.42,0.04
Weights partition 4: 0.54,0.00,0.00,0.00,0.79,0.11,0.08
Weights partition 5: 0.67,0.00,0.00,0.00,0.71,1.00,0.00
..........................................................................................................
parkinsons                ES              1          90.00          72.73          85.68       6.19e+00
parkinsons                ES              2          97.50          77.27          92.44       5.85e+00
parkinsons                ES              3          90.00          72.73          85.68       8.21e+00
parkinsons                ES              4          87.50          81.82          86.08       6.15e+00
parkinsons                ES              5          88.57          81.82          86.88       6.17e+00
Mean:                                                90.71          77.27          87.35       6.51e+00

Weights partition 1: 0.00,0.00,1.00,0.10,0.00,0.00,0.00,0.00,0.00,0.00,0.71,0.06,0.00,0.00,1.00,0.00,0.00,0.00,0.00,0.55,1.00,1.00
Weights partition 2: 0.00,0.00,1.00,0.00,0.01,0.00,0.03,0.00,0.00,0.00,0.56,0.08,0.00,0.00,0.00,0.59,0.14,0.00,0.00,0.00,0.00,0.37
Weights partition 3: 0.30,0.00,0.00,0.00,0.08,0.10,0.00,0.00,0.08,0.00,0.00,0.02,0.00,0.00,0.00,0.00,0.24,0.50,0.00,0.30,0.84,1.00
Weights partition 4: 0.09,0.00,0.53,0.00,0.00,0.00,0.00,0.02,0.00,0.00,0.00,0.00,0.07,0.10,0.00,0.00,0.00,0.45,0.79,0.45,0.00,0.05
Weights partition 5: 1.00,0.00,0.00,0.00,0.00,0.00,0.01,0.00,0.00,0.00,0.00,0.00,0.00,0.00,0.12,0.00,0.00,0.42,0.00,0.34,0.06,0.00
..........................................................................................................
parkinsons               BMB              1          97.50          77.27          92.44       7.75e+00
parkinsons               BMB              2          95.00          81.82          91.70       6.39e+00
parkinsons               BMB              3          97.50          77.27          92.44       6.35e+00
parkinsons               BMB              4          90.00          81.82          87.95       6.41e+00
parkinsons               BMB              5          85.71          81.82          84.74       6.80e+00
Mean:                                                93.14          80.00          89.86       6.74e+00

Weights partition 1: 0.15,0.00,0.00,0.00,0.00,0.97,0.00,0.00,0.00,0.03,0.00,0.00,0.08,0.02,0.00,0.09,0.13,1.00,0.00,0.00,0.00,0.30
Weights partition 2: 1.00,0.04,0.00,0.00,0.08,0.00,0.00,0.01,0.00,0.00,0.00,0.00,0.00,0.00,0.03,0.00,0.99,1.00,1.00,0.00,0.00,0.00
Weights partition 3: 0.96,0.00,0.08,0.00,0.00,0.08,0.00,0.00,0.00,0.00,0.00,0.09,0.00,0.00,0.00,1.00,0.81,0.43,0.05,0.00,0.00,1.00
Weights partition 4: 1.00,0.07,0.00,0.04,0.06,0.02,0.00,0.01,0.00,0.00,0.00,0.03,0.00,0.00,0.00,0.00,0.39,0.49,0.02,0.07,0.01,0.99
Weights partition 5: 1.00,0.00,0.00,0.08,0.00,0.00,0.00,0.00,0.06,0.04,0.00,0.00,0.00,0.00,0.00,0.60,0.97,0.00,1.00,0.00,0.00,0.00
..........................................................................................................
parkinsons            ILS-LS              1          95.00          72.73          89.43       4.76e+00
parkinsons            ILS-LS              2          95.00          77.27          90.57       4.20e+00
parkinsons            ILS-LS              3          95.00          77.27          90.57       4.35e+00
parkinsons            ILS-LS              4          90.00          81.82          87.95       4.48e+00
parkinsons            ILS-LS              5          91.43          81.82          89.03       5.27e+00
Mean:                                                93.29          78.18          89.51       4.61e+00

Weights partition 1: 0.00,0.07,1.00,0.03,0.00,0.08,0.09,0.89,0.00,0.00,0.00,0.00,0.00,0.00,0.08,0.60,0.16,0.42,0.00,0.08,0.00,0.35
Weights partition 2: 1.00,0.06,0.00,0.00,0.00,0.00,0.00,0.06,0.00,0.00,0.00,0.03,0.00,1.00,0.00,0.00,0.44,1.00,0.00,0.00,0.00,0.24
Weights partition 3: 0.50,0.08,0.00,0.00,0.00,0.01,0.00,0.00,0.00,0.00,1.00,0.00,0.00,0.03,0.00,1.00,0.52,0.02,0.01,0.00,0.00,0.89
Weights partition 4: 1.00,0.03,0.00,0.06,0.03,0.00,0.00,0.00,0.09,0.07,0.00,0.00,0.00,0.00,0.00,0.00,0.31,0.00,0.65,0.22,0.00,0.00
Weights partition 5: 1.00,0.00,0.00,0.03,0.04,0.06,0.03,0.00,0.00,0.00,0.00,0.00,0.00,0.10,0.00,0.00,0.00,0.21,0.15,0.20,0.06,0.06
..........................................................................................................
parkinsons            ILS-ES              1          95.00          81.82          91.70       6.50e+00
parkinsons            ILS-ES              2          92.50          77.27          88.69       6.71e+00
parkinsons            ILS-ES              3          95.00          81.82          91.70       6.51e+00
parkinsons            ILS-ES              4          92.50          81.82          89.83       6.49e+00
parkinsons            ILS-ES              5          97.14          81.82          93.31       6.95e+00
Mean:                                                94.43          80.91          91.05       6.63e+00

Weights partition 1: 0.36,0.00,0.00,0.00,0.00,0.09,0.00,0.00,0.00,0.07,0.05,0.00,0.00,0.00,0.00,0.00,1.00,0.61,0.34,0.00,0.00,0.07
Weights partition 2: 1.00,0.00,0.00,0.00,0.00,0.00,0.00,0.09,0.00,0.00,0.00,0.00,0.00,0.00,0.00,0.00,0.27,0.40,0.38,0.90,0.00,0.00
Weights partition 3: 0.31,0.00,0.00,0.01,0.00,0.00,0.00,0.00,0.00,0.00,0.04,0.00,0.00,0.00,0.04,0.00,0.47,1.00,1.00,0.00,0.00,0.00
Weights partition 4: 1.00,0.00,0.09,0.03,0.00,0.00,0.05,0.00,0.00,0.00,0.00,0.00,0.03,0.00,0.00,0.00,0.40,0.35,0.81,0.00,0.00,0.00
Weights partition 5: 1.00,0.00,0.00,0.00,0.00,0.00,0.00,0.00,0.00,0.00,0.07,0.00,0.00,0.00,0.00,0.00,1.00,1.00,1.00,0.00,0.00,0.00
..........................................................................................................
breast-cancer             ES              1          94.78          90.00          93.59       5.76e+01
breast-cancer             ES              2          92.17          86.67          90.80       5.82e+01
breast-cancer             ES              3          86.09          90.00          87.07       5.60e+01
breast-cancer             ES              4          87.83          93.33          89.20       6.35e+01
breast-cancer             ES              5          93.58          80.00          90.18       6.35e+01
Mean:                                                90.89          88.00          90.17       5.98e+01

Weights partition 1: 0.01,0.14,0.00,0.00,0.00,0.00,0.00,0.00,0.00,0.00,0.02,0.00,0.00,0.00,0.00,0.00,0.00,0.00,0.05,0.00,0.00,0.00,0.76,0.00,0.17,0.00,0.00,0.00,0.01,0.00
Weights partition 2: 0.02,0.00,0.00,0.01,0.00,0.00,0.00,0.00,0.00,0.00,1.00,0.00,0.09,0.00,0.05,0.00,0.00,0.00,0.40,0.00,0.01,0.37,0.00,0.00,0.02,0.00,0.00,0.70,0.00,0.00
Weights partition 3: 0.00,0.20,0.00,0.00,0.00,0.00,0.00,0.01,0.00,0.00,0.00,0.00,0.00,0.01,0.00,0.00,0.00,0.00,0.00,0.00,0.59,0.00,0.00,0.00,0.00,0.00,0.00,0.00,0.00,1.00
Weights partition 4: 0.00,0.00,0.00,0.03,0.00,0.00,0.03,0.01,0.00,0.00,0.00,0.00,0.00,0.00,0.00,0.00,0.00,0.00,0.00,0.00,0.29,0.00,0.00,0.00,1.00,0.00,0.06,0.00,0.01,0.00
Weights partition 5: 0.00,0.00,0.00,0.00,0.89,0.00,0.23,0.00,1.00,0.00,0.00,0.00,0.00,0.00,0.00,0.07,0.00,0.00,0.00,0.63,0.00,0.20,0.00,1.00,0.00,0.04,0.00,0.00,0.00,0.00
..........................................................................................................
breast-cancer            BMB              1          96.52          90.00          94.89       6.79e+01
breast-cancer            BMB              2          96.52          86.67          94.06       6.69e+01
breast-cancer            BMB              3          88.70          86.67          88.19       6.58e+01
breast-cancer            BMB              4          91.30          90.00          90.98       6.66e+01
breast-cancer            BMB              5          95.41          86.67          93.23       6.80e+01
Mean:                                                93.69          88.00          92.27       6.70e+01

Weights partition 1: 0.07,0.00,0.00,0.00,0.03,0.03,0.00,0.00,0.06,0.00,0.00,0.00,0.02,0.08,0.00,0.00,0.01,0.09,0.00,0.02,0.21,0.28,0.00,0.05,0.00,0.07,0.00,0.29,0.00,0.02
Weights partition 2: 0.00,0.01,0.00,0.00,0.00,0.00,0.08,1.00,0.00,0.03,0.00,0.05,0.07,0.00,0.00,0.01,0.06,0.00,0.00,0.00,1.00,0.69,0.00,0.07,0.00,0.00,0.00,0.03,0.00,0.78
Weights partition 3: 0.00,0.00,0.00,0.00,0.00,0.00,0.00,0.05,0.00,0.00,0.06,0.00,0.00,0.00,0.00,0.00,0.00,0.00,0.00,0.00,0.86,0.35,0.00,0.03,0.00,1.00,0.00,0.00,0.20,0.05
Weights partition 4: 0.07,0.00,0.00,0.00,0.00,0.07,0.00,0.08,0.00,0.06,0.00,0.04,0.00,0.00,0.00,0.00,0.01,0.00,0.00,0.00,0.03,0.51,0.00,1.00,0.40,0.00,0.00,0.00,0.00,0.00
Weights partition 5: 0.08,0.00,0.00,0.00,0.00,0.00,0.03,0.00,0.00,0.00,0.03,0.02,0.03,0.05,1.00,0.00,0.00,0.00,0.00,0.09,0.37,0.66,0.09,0.00,0.00,0.00,0.00,0.41,0.00,0.05
..........................................................................................................
breast-cancer         ILS-LS              1          96.52          90.00          94.89       5.44e+01
breast-cancer         ILS-LS              2          93.91          90.00          92.93       5.27e+01
breast-cancer         ILS-LS              3          91.30          90.00          90.98       5.12e+01
breast-cancer         ILS-LS              4          95.65          90.00          94.24       5.34e+01
breast-cancer         ILS-LS              5          93.58          90.00          92.68       5.53e+01
Mean:                                                94.19          90.00          93.15       5.34e+01

Weights partition 1: 0.00,0.00,0.00,0.09,0.04,0.07,0.00,0.73,0.00,0.05,0.05,0.00,0.00,0.00,0.06,0.00,0.02,0.06,0.00,0.00,0.07,0.27,0.00,0.92,0.00,0.00,0.00,0.00,0.00,0.00
Weights partition 2: 0.09,0.00,0.00,0.00,0.00,0.00,0.00,0.00,0.00,0.00,0.00,0.00,0.03,0.00,0.00,0.00,0.00,0.01,0.00,0.00,0.00,0.25,0.44,0.00,1.00,0.00,0.00,0.10,0.00,0.00
Weights partition 3: 0.00,0.00,0.00,0.00,0.00,0.00,0.00,0.02,0.00,0.00,0.00,0.00,0.00,0.00,0.00,0.00,0.00,0.04,0.00,0.00,0.00,0.22,0.29,0.07,0.00,0.08,0.00,0.61,0.00,0.01
Weights partition 4: 0.05,0.00,0.00,0.09,0.07,0.00,0.00,0.09,0.00,0.00,0.00,0.09,0.00,0.00,0.09,0.02,0.00,0.00,0.02,0.00,1.00,0.21,0.00,0.06,0.00,0.00,0.03,1.00,0.00,0.00
Weights partition 5: 0.00,0.00,0.00,0.00,0.00,0.00,0.04,0.01,0.07,0.00,0.00,0.00,0.00,0.00,0.00,0.00,0.04,0.00,0.00,0.00,0.00,0.80,0.95,0.00,0.00,0.00,0.00,0.72,0.07,0.00
..........................................................................................................
breast-cancer         ILS-ES              1          96.52          90.00          94.89       6.78e+01
breast-cancer         ILS-ES              2          95.65          90.00          94.24       7.30e+01
breast-cancer         ILS-ES              3          94.78          90.00          93.59       6.82e+01
breast-cancer         ILS-ES              4          92.17          90.00          91.63       6.71e+01
breast-cancer         ILS-ES              5          95.41          90.00          94.06       6.99e+01
Mean:                                                94.91          90.00          93.68       6.92e+01

Weights partition 1: 0.00,0.00,0.00,0.00,0.00,0.00,0.00,1.00,0.00,0.00,0.00,0.00,0.00,0.00,0.00,0.00,0.04,0.03,0.00,0.07,0.66,0.59,0.00,0.07,0.00,0.00,0.00,0.05,0.00,0.00
Weights partition 2: 0.00,0.47,0.00,0.00,0.00,0.10,0.00,0.00,0.00,0.00,0.00,0.00,0.00,0.00,0.00,0.00,0.00,0.00,0.00,0.00,0.00,0.00,0.96,0.00,1.00,0.00,0.00,0.00,0.03,0.00
Weights partition 3: 0.00,0.00,0.00,0.00,0.00,0.00,0.00,0.00,0.03,0.09,0.00,0.00,0.00,0.00,0.00,0.00,0.00,0.00,0.00,0.00,0.55,0.67,0.00,0.00,0.00,0.00,0.00,0.60,0.00,0.00
Weights partition 4: 0.00,0.02,0.00,0.00,0.00,0.04,0.04,0.00,0.00,0.06,0.00,0.00,0.06,0.00,0.00,0.00,0.00,0.09,0.00,0.05,1.00,0.14,0.00,0.00,0.18,0.10,0.00,0.00,0.00,0.00
Weights partition 5: 0.01,0.00,0.00,0.00,0.00,0.10,0.00,0.00,0.00,0.00,0.00,0.00,0.00,0.00,0.00,0.00,0.03,0.00,0.00,0.00,0.00,0.29,0.95,0.00,0.00,0.00,0.00,0.26,0.00,0.00
..........................................................................................................
