..........................................................................................................
Seed: 123
..........................................................................................................
Dataset            Algorithm      Partition        %_class          %_red        Fitness          T (s)
..........................................................................................................
ecoli             AM_ALL-BLX              1          74.29          57.14          70.00       8.74e+00
ecoli             AM_ALL-BLX              2          65.71          57.14          63.57       8.00e+00
ecoli             AM_ALL-BLX              3          79.41          57.14          73.84       8.76e+00
ecoli             AM_ALL-BLX              4          80.88          57.14          74.95       8.54e+00
ecoli             AM_ALL-BLX              5          85.00          57.14          78.04       9.01e+00
Mean:                                                77.06          57.14          72.08       8.61e+00

Weights partition 1: 0.79,0.03,0.00,0.06,0.55,0.52,0.00
Weights partition 2: 1.00,0.04,0.00,0.01,0.39,0.82,0.01
Weights partition 3: 0.39,0.04,0.00,0.00,0.46,0.30,0.00
Weights partition 4: 0.67,0.02,0.00,0.01,1.00,0.14,0.00
Weights partition 5: 0.58,0.05,0.02,0.01,0.60,0.91,0.05
..........................................................................................................
ecoli            AM_best-BLX              1          75.71          57.14          71.07       7.83e+00
ecoli            AM_best-BLX              2          65.71          57.14          63.57       7.84e+00
ecoli            AM_best-BLX              3          69.12          57.14          66.12       9.02e+00
ecoli            AM_best-BLX              4          72.06          71.43          71.90       8.97e+00
ecoli            AM_best-BLX              5          85.00          57.14          78.04       8.56e+00
Mean:                                                73.52          60.00          70.14       8.44e+00

Weights partition 1: 1.00,0.01,0.01,0.05,0.82,0.77,0.01
Weights partition 2: 0.99,0.00,0.00,0.00,0.38,0.78,0.02
Weights partition 3: 0.12,0.00,0.00,0.02,0.01,0.37,0.35
Weights partition 4: 0.00,1.00,0.04,0.02,0.00,0.14,0.00
Weights partition 5: 0.38,0.00,0.01,0.01,0.39,0.59,0.00
..........................................................................................................
ecoli            AM_Rand-BLX              1          78.57          57.14          73.21       7.88e+00
ecoli            AM_Rand-BLX              2          67.14          57.14          64.64       7.96e+00
ecoli            AM_Rand-BLX              3          79.41          57.14          73.84       8.63e+00
ecoli            AM_Rand-BLX              4          80.88          57.14          74.95       8.88e+00
ecoli            AM_Rand-BLX              5          85.00          57.14          78.04       8.63e+00
Mean:                                                78.20          57.14          72.94       8.40e+00

Weights partition 1: 0.26,0.01,0.01,0.01,0.25,1.00,0.03
Weights partition 2: 1.00,0.00,0.01,0.00,0.37,0.87,0.00
Weights partition 3: 0.38,0.02,0.00,0.04,0.46,0.29,0.00
Weights partition 4: 1.00,0.00,0.06,0.00,0.87,0.61,0.03
Weights partition 5: 0.67,0.00,0.00,0.02,0.73,1.00,0.00
..........................................................................................................
parkinsons        AM_ALL-BLX              1          87.50          77.27          84.94       6.84e+00
parkinsons        AM_ALL-BLX              2          90.00          86.36          89.09       7.25e+00
parkinsons        AM_ALL-BLX              3          95.00          81.82          91.70       7.72e+00
parkinsons        AM_ALL-BLX              4          92.50          81.82          89.83       6.78e+00
parkinsons        AM_ALL-BLX              5          91.43          81.82          89.03       7.08e+00
Mean:                                                91.29          81.82          88.92       7.13e+00

Weights partition 1: 0.01,0.00,1.00,0.00,0.00,0.06,0.04,0.00,0.00,0.07,0.00,0.10,0.03,0.00,0.02,0.88,0.00,0.00,0.00,0.53,0.56,0.68
Weights partition 2: 1.00,0.00,0.00,0.09,0.08,0.00,0.00,0.00,0.00,0.00,0.01,0.57,0.00,0.00,1.00,0.00,0.00,0.09,0.00,0.04,0.00,0.00
Weights partition 3: 0.45,0.00,0.00,0.00,0.00,0.00,0.06,0.00,0.00,0.02,0.00,0.00,0.00,0.00,0.05,0.00,0.38,0.95,0.93,0.00,0.00,0.00
Weights partition 4: 0.82,0.00,0.00,0.00,0.09,0.07,0.02,0.04,0.00,0.00,0.02,0.00,0.03,0.00,0.00,0.00,0.47,0.43,0.75,0.00,0.00,0.00
Weights partition 5: 0.90,0.03,0.09,0.00,0.06,0.07,0.00,0.00,0.00,0.00,0.09,0.00,0.08,0.00,0.05,0.09,0.29,1.00,0.00,0.50,0.00,0.06
..........................................................................................................
parkinsons       AM_best-BLX              1         100.00          77.27          94.32       6.08e+00
parkinsons       AM_best-BLX              2          82.50          81.82          82.33       6.07e+00
parkinsons       AM_best-BLX              3          95.00          77.27          90.57       7.16e+00
parkinsons       AM_best-BLX              4          87.50          81.82          86.08       5.93e+00
parkinsons       AM_best-BLX              5          88.57          77.27          85.75       6.31e+00
Mean:                                                90.71          79.09          87.81       6.31e+00

Weights partition 1: 0.30,0.03,0.07,0.00,0.00,0.01,0.00,0.00,0.92,0.00,0.01,0.00,0.00,0.00,0.03,0.00,0.75,0.49,0.00,0.01,0.04,0.34
Weights partition 2: 0.59,0.78,0.03,0.00,0.03,0.00,0.00,0.08,0.00,0.03,0.00,0.00,0.00,0.03,0.00,0.05,0.19,0.01,0.40,0.05,0.03,0.00
Weights partition 3: 0.62,0.00,0.00,0.00,0.01,0.99,0.02,0.00,0.02,0.05,0.02,0.01,0.04,0.06,0.00,0.01,0.16,0.39,0.64,0.01,0.00,0.00
Weights partition 4: 0.02,0.98,0.00,0.07,0.03,0.04,0.00,0.05,0.02,0.00,0.04,0.04,0.00,0.00,0.03,0.05,0.00,0.38,0.00,0.85,0.00,0.26
Weights partition 5: 0.45,0.00,0.03,0.00,0.00,0.00,0.08,0.65,0.00,0.00,0.00,0.00,0.08,0.00,0.01,0.35,0.66,0.01,0.00,0.00,0.00,1.00
..........................................................................................................
parkinsons       AM_Rand-BLX              1         100.00          77.27          94.32       6.79e+00
parkinsons       AM_Rand-BLX              2          95.00          77.27          90.57       6.62e+00
parkinsons       AM_Rand-BLX              3          97.50          72.73          91.31       6.63e+00
parkinsons       AM_Rand-BLX              4          92.50          81.82          89.83       5.76e+00
parkinsons       AM_Rand-BLX              5          91.43          81.82          89.03       6.40e+00
Mean:                                                95.29          78.18          91.01       6.44e+00

Weights partition 1: 0.69,0.00,0.02,0.00,0.00,0.87,0.00,0.05,0.00,0.03,0.00,0.00,0.08,0.01,0.00,0.03,0.98,0.77,0.03,0.00,0.00,0.85
Weights partition 2: 0.49,0.00,0.00,0.00,0.00,0.00,0.00,0.03,0.00,0.06,0.00,0.00,0.00,0.00,0.03,0.54,0.28,0.83,0.87,0.03,0.00,0.00
Weights partition 3: 0.62,0.01,0.03,0.02,0.01,0.00,0.00,0.00,0.82,0.03,0.05,0.02,0.00,0.01,1.00,1.00,0.30,0.00,0.01,0.01,0.00,0.16
Weights partition 4: 0.96,0.00,0.00,0.00,0.01,0.01,0.00,0.00,0.00,0.00,0.00,0.00,0.05,0.03,0.00,0.05,0.94,0.83,0.00,0.02,0.01,0.87
Weights partition 5: 0.79,0.05,0.01,0.08,0.00,0.00,0.00,0.00,0.00,0.00,0.00,0.00,0.00,0.01,0.00,0.05,0.19,1.00,0.00,0.62,0.05,0.07
..........................................................................................................
breast-cancer     AM_ALL-BLX              1          96.52          90.00          94.89       7.21e+01
breast-cancer     AM_ALL-BLX              2          96.52          90.00          94.89       7.37e+01
breast-cancer     AM_ALL-BLX              3          89.57          90.00          89.67       7.02e+01
breast-cancer     AM_ALL-BLX              4          92.17          90.00          91.63       7.33e+01
breast-cancer     AM_ALL-BLX              5          95.41          86.67          93.23       7.65e+01
Mean:                                                94.04          89.33          92.86       7.32e+01

Weights partition 1: 0.00,0.00,0.00,0.00,0.00,0.00,0.00,1.00,0.00,0.03,0.00,0.00,0.00,0.00,0.00,0.00,0.00,0.00,0.00,0.00,1.00,0.51,0.00,0.00,0.00,0.00,0.00,0.00,0.00,0.00
Weights partition 2: 0.06,0.00,0.00,0.00,0.00,0.00,0.00,0.07,0.00,0.00,0.00,0.00,0.01,0.03,0.02,0.00,0.06,0.00,0.00,0.04,0.00,1.00,0.09,0.87,0.00,0.00,0.00,0.55,0.00,0.00
Weights partition 3: 0.05,0.00,0.00,0.00,0.03,0.00,0.10,0.00,0.03,0.00,0.00,0.02,0.02,0.00,0.00,0.00,0.00,0.00,0.00,0.00,0.00,0.20,0.49,0.00,0.09,0.02,0.00,0.69,0.00,0.00
Weights partition 4: 0.07,0.04,0.00,0.04,0.00,0.00,0.00,1.00,0.00,0.00,0.09,0.00,0.10,0.00,0.00,0.00,0.08,0.07,0.00,0.00,0.64,0.63,0.09,0.00,0.00,0.00,0.00,0.00,0.00,0.00
Weights partition 5: 0.00,0.85,0.07,0.00,0.00,0.00,0.00,0.00,0.00,0.01,0.03,0.00,0.00,0.00,0.44,0.00,0.00,0.05,0.00,0.00,0.86,0.00,0.00,0.00,0.91,0.00,0.00,0.00,0.00,0.02
..........................................................................................................
breast-cancer    AM_best-BLX              1          96.52          90.00          94.89       6.15e+01
breast-cancer    AM_best-BLX              2          96.52          90.00          94.89       6.34e+01
breast-cancer    AM_best-BLX              3          93.91          90.00          92.93       6.14e+01
breast-cancer    AM_best-BLX              4          93.04          90.00          92.28       6.27e+01
breast-cancer    AM_best-BLX              5          96.33          90.00          94.75       6.34e+01
Mean:                                                95.27          90.00          93.95       6.25e+01

Weights partition 1: 0.00,0.01,0.04,0.01,0.02,0.00,0.07,0.03,0.01,0.02,0.10,0.02,0.00,0.06,0.00,0.04,0.00,0.02,0.00,0.00,0.00,0.68,0.92,0.01,0.00,0.00,0.07,0.92,0.04,0.01
Weights partition 2: 0.06,0.00,0.01,0.07,0.00,0.00,0.02,0.00,0.00,0.00,0.05,0.00,0.00,0.00,0.00,0.00,0.01,0.00,0.00,0.00,0.01,0.64,0.00,0.54,0.00,0.09,0.10,1.00,0.00,0.02
Weights partition 3: 0.00,0.00,0.00,0.04,0.00,0.00,0.00,0.00,0.00,0.01,0.00,0.06,0.01,0.00,0.10,0.00,0.00,0.03,0.00,0.04,0.01,0.81,0.04,0.82,0.01,0.04,0.05,0.72,0.03,0.00
Weights partition 4: 0.09,0.04,0.00,0.00,0.00,0.00,0.09,0.00,0.00,0.04,0.00,0.06,0.05,0.00,0.04,0.02,0.00,0.00,0.00,0.00,0.00,0.38,1.00,0.00,0.24,0.04,0.00,0.00,0.00,0.09
Weights partition 5: 0.00,0.02,0.01,0.00,0.00,0.05,0.00,0.00,0.00,0.00,0.00,0.01,0.00,0.03,0.01,0.01,0.00,0.00,0.00,0.08,0.72,0.84,0.03,0.01,0.00,0.00,0.00,1.00,0.00,0.00
..........................................................................................................
breast-cancer    AM_Rand-BLX              1          96.52          90.00          94.89       6.52e+01
breast-cancer    AM_Rand-BLX              2          90.43          83.33          88.66       7.19e+01
breast-cancer    AM_Rand-BLX              3          92.17          86.67          90.80       6.11e+01
breast-cancer    AM_Rand-BLX              4          93.04          90.00          92.28       6.56e+01
breast-cancer    AM_Rand-BLX              5          91.74          83.33          89.64       7.16e+01
Mean:                                                92.78          86.67          91.25       6.71e+01

Weights partition 1: 0.01,0.01,0.01,0.00,0.00,0.02,0.04,0.58,0.00,0.00,0.02,0.00,0.01,0.00,0.04,0.00,0.00,0.00,0.01,0.00,0.05,0.34,0.86,0.00,0.02,0.09,0.00,0.04,0.05,0.00
Weights partition 2: 0.00,0.00,0.00,0.00,0.06,0.00,0.03,0.00,0.00,0.00,0.08,0.00,0.01,0.01,0.00,0.03,0.00,0.02,0.51,0.00,0.05,0.72,0.00,0.48,0.97,0.00,0.00,0.18,0.00,0.04
Weights partition 3: 0.00,0.00,0.00,0.00,0.00,0.00,0.00,0.00,0.01,0.02,0.00,0.01,0.00,0.00,0.00,0.00,0.46,0.01,0.04,0.00,0.50,0.23,0.00,0.00,0.01,0.00,0.00,0.99,0.04,0.00
Weights partition 4: 0.00,0.00,0.00,0.02,0.00,0.06,0.00,0.00,0.00,0.00,0.00,0.01,0.00,0.00,0.01,0.07,0.07,0.00,0.04,0.00,0.04,0.60,1.00,0.00,0.56,0.02,0.09,0.01,0.00,0.00
Weights partition 5: 0.00,0.00,0.00,0.01,0.00,0.00,0.07,0.02,0.02,0.00,0.00,0.00,0.06,0.00,0.00,0.00,0.08,0.99,0.00,0.07,0.00,0.13,0.65,0.00,0.00,0.05,0.00,0.34,0.06,0.44
..........................................................................................................
